0.0	0.0	0.0	0.0	0.0	0.0
0.0	0.0	0.0	0.0	0.0	0.0
0.0	0.0	0.0	0.0	0.0	0.0
0.0	0.0	0.0	0.0	0.0	0.0
0.53687316	0.03063457	0.05796178	0.5543097	0.03366387	0.06347296
0.2512572	0.22706614	0.23854996	0.2248291	0.22675236	0.22578663
0.36869416	0.21528362	0.27183846	0.33051637	0.18142742	0.23426294
0.37615198	0.33664367	0.3553029	0.33972117	0.31838107	0.32870513
0.2903275	0.3208214	0.30481368	0.27548686	0.31787038	0.29516488
0.44141933	0.33294058	0.37958166	0.4099027	0.3047623	0.34959847
0.45023003	0.3623969	0.4015667	0.42058375	0.34157553	0.3769845
0.4726939	0.34674296	0.40003884	0.4501971	0.3256586	0.37793252
0.44375455	0.40902206	0.425681	0.40445408	0.38877302	0.39645857
0.434138	0.38444707	0.4077843	0.3983865	0.36357832	0.38018736
0.5249196	0.21982831	0.30988255	0.49900734	0.181853	0.2665627
0.46960297	0.3822589	0.4214531	0.42552018	0.36119506	0.39072788
0.53188485	0.31728664	0.3974697	0.49952334	0.28990936	0.36688748
0.43561974	0.42652753	0.43102568	0.39406797	0.4071158	0.40048563
0.4840162	0.36189193	0.4141385	0.4514062	0.33880922	0.3870858
0.4669723	0.37720922	0.41731843	0.43740126	0.36532325	0.39812624
0.46078616	0.41238847	0.43524605	0.42018306	0.39073074	0.40492204
0.5557674	0.29439488	0.38490316	0.52547526	0.2646721	0.35203215
0.42919663	0.46221176	0.4450928	0.39331308	0.44056687	0.4156011
0.53233	0.3214947	0.40088153	0.5147349	0.3107205	0.38751626
0.5554526	0.30264264	0.39180648	0.53473395	0.28271693	0.36987752
0.53459823	0.32250464	0.40230972	0.5158304	0.3106354	0.38775998
0.43857673	0.45850867	0.44832125	0.40440542	0.43911988	0.42104834
0.51660156	0.356169	0.42163992	0.4847563	0.33225518	0.394273
0.4496071	0.44302306	0.4462908	0.41276315	0.42639485	0.41946828
0.49761093	0.36811984	0.42318112	0.47786382	0.3518747	0.40530404
0.464952	0.43208215	0.44791484	0.4256322	0.41115886	0.41827038
0.48590505	0.3307524	0.3935904	0.4833667	0.32897818	0.39150143
0.5039805	0.38360545	0.43563032	0.4760838	0.3617483	0.4111146
0.5338852	0.34741625	0.42092383	0.51310015	0.32838234	0.4004671
0.43654248	0.4556472	0.4458903	0.4075157	0.44490787	0.42539164
0.49368685	0.394883	0.43879172	0.4641828	0.3769843	0.41606387
0.53806585	0.35212928	0.42567912	0.5102616	0.3311912	0.40167233
0.49013627	0.40565562	0.44391233	0.45396528	0.39051795	0.41985816
0.52667	0.355664	0.4245956	0.5066761	0.33591524	0.40399233
0.550027	0.3423666	0.4220355	0.5294691	0.32382858	0.40186965
0.4926858	0.42518094	0.45645103	0.4561252	0.40439206	0.42870355
0.5112716	0.3931998	0.44452903	0.4786423	0.37149423	0.418316
0.5138616	0.3962296	0.44744346	0.4803075	0.36694047	0.41603938
0.57464385	0.33950514	0.42683315	0.53835595	0.31718943	0.3991859
0.5586014	0.3361387	0.41971415	0.5339128	0.31893432	0.3993286
0.51960135	0.394883	0.44873756	0.47871512	0.36659998	0.4152226
0.4790314	0.4595186	0.46907216	0.4453678	0.4470358	0.44620025
0.49682572	0.40834877	0.4482631	0.4605656	0.3874537	0.420858
0.5017668	0.4302306	0.4632533	0.47126052	0.41941524	0.44382894
0.5163413	0.3962296	0.44838095	0.4829536	0.37438822	0.4217971
0.47734597	0.42383438	0.44900143	0.46094143	0.42967188	0.4447577
0.49915904	0.4495876	0.47307828	0.465172	0.43797082	0.45116177
0.58132875	0.3416933	0.4304039	0.5514373	0.32165807	0.40631133
0.5009266	0.4549739	0.47684574	0.46882156	0.4444397	0.45630518
0.55947244	0.39269483	0.4614776	0.51647264	0.35493892	0.42073402
0.5259964	0.43763676	0.47776553	0.49539262	0.4209899	0.45517084
0.4876082	0.41726983	0.4497052	0.46234012	0.41537216	0.43759948
0.40803188	0.4480727	0.42711592	0.40356767	0.45541984	0.42792875
0.5000878	0.47938058	0.4895153	0.46529266	0.4621441	0.46371305
0.6071206	0.32721764	0.42524335	0.56792873	0.3038686	0.39590785
0.5162762	0.41912135	0.46265328	0.49004823	0.40656254	0.4444186
0.51463056	0.47365764	0.49329478	0.48375162	0.4618462	0.47254518
0.61904764	0.39606127	0.483063	0.5880358	0.36898327	0.45344
0.509107	0.48459855	0.49655053	0.47544634	0.4726135	0.4740257
0.5575062	0.41693318	0.47708014	0.5377632	0.4033281	0.46094358
0.52738684	0.46675643	0.49522278	0.49952716	0.4495893	0.4732445
0.5921875	0.44655782	0.5091642	0.5677467	0.42656508	0.48713276
0.5339616	0.50547045	0.51932555	0.50292903	0.4969145	0.49990368
0.58171976	0.4702912	0.5201042	0.5497975	0.45061073	0.4952871
0.5592882	0.51843125	0.5380853	0.5305389	0.5090437	0.5195691
0.59650946	0.483252	0.53394085	0.56828034	0.46861303	0.5136566
0.6126598	0.49200472	0.5457431	0.5876683	0.47742265	0.5268398
0.58903563	0.49553946	0.5382576	0.5681293	0.4815934	0.5212945
0.6112505	0.49200472	0.54518324	0.5872394	0.4782738	0.5271849
0.55700797	0.51641136	0.535942	0.52526605	0.4998936	0.51226586
0.6092073	0.49671772	0.54724157	0.5845364	0.48423204	0.5296774
0.5613079	0.48544016	0.5206246	0.5337786	0.47278377	0.50143313
0.60042405	0.5243225	0.5597987	0.5735259	0.5087458	0.5391971
0.6062877	0.49015316	0.54207	0.57351273	0.4734647	0.51870847
0.5214235	0.49570778	0.5082406	0.49142236	0.48155084	0.48643652
0.639504	0.48611346	0.55235726	0.6177016	0.4678044	0.53240335
0.6783597	0.46221176	0.5498048	0.6507896	0.43843895	0.5239149
0.56344825	0.55007577	0.5566817	0.5339239	0.54121804	0.5375462
0.607362	0.53324354	0.5678946	0.5816327	0.5191301	0.5486069
0.59336513	0.50277734	0.54432803	0.56637514	0.49061581	0.5257805
0.6436317	0.50951016	0.5687711	0.6200343	0.49287143	0.5491879
0.49968493	0.40043762	0.4445898	0.50569606	0.42128783	0.45964897
0.63173896	0.52465916	0.57324135	0.6034517	0.5104056	0.55304235
0.62391216	0.50681704	0.55930156	0.60423493	0.49427587	0.5437521
0.6229867	0.5273523	0.5711942	0.5914885	0.501596	0.54284596
0.6225723	0.4856085	0.54562646	0.60569125	0.4737626	0.5316649
0.5243383	0.47685575	0.4994711	0.5116352	0.48657274	0.49878934
0.57847434	0.44420132	0.50252306	0.5662531	0.43703452	0.49332243
0.6404865	0.5229759	0.5757969	0.60166806	0.50044686	0.54640925
0.5867785	0.49452955	0.536719	0.5579657	0.48278505	0.51765996
0.63840455	0.49301463	0.5563681	0.61177826	0.47482657	0.53467196
0.71424633	0.43629017	0.5416928	0.68678945	0.40622208	0.5104961
0.60857594	0.5207878	0.5612698	0.5843935	0.512193	0.5459164
0.63013023	0.43157718	0.51228774	0.6185109	0.40869048	0.4921713
0.62619096	0.51994616	0.5681442	0.60125804	0.50036174	0.5461894
0.5881407	0.4925097	0.53609383	0.57295805	0.48512575	0.5253964
0.61784714	0.51977783	0.56458545	0.5860178	0.50478786	0.5423783
0.6195402	0.5443528	0.57951796	0.591059	0.5261097	0.5566964
0.57728356	0.52869886	0.5519241	0.5396984	0.5056816	0.5221365
0.59105825	0.48510352	0.5328649	0.5741558	0.4761459	0.5205779
0.594355	0.5529372	0.5728985	0.55065066	0.518662	0.53417784
0.63940746	0.5303821	0.57981414	0.61291325	0.50419205	0.55326205
0.62177265	0.54317456	0.5798221	0.59381443	0.527046	0.5584416
0.6433367	0.53223366	0.582535	0.6187308	0.51453376	0.56184214
0.62861156	0.5273523	0.5735469	0.596523	0.505256	0.54710937
0.69973123	0.48207372	0.5708591	0.66948307	0.4552496	0.5419633
0.6182796	0.5807103	0.59890634	0.5796681	0.5530493	0.56604594
0.5986309	0.55933344	0.5783154	0.5569418	0.5338554	0.5451543
0.5816256	0.5637098	0.5725276	0.5562711	0.5551347	0.55570227
0.62560517	0.58727485	0.60583436	0.583086	0.56015664	0.57139134
0.56720656	0.57178926	0.5694887	0.5315831	0.5497723	0.5405247
0.63837993	0.55714524	0.5950027	0.60654163	0.53823894	0.5703527
0.6169173	0.55243224	0.5828967	0.5858897	0.5340256	0.5587567
0.6309039	0.52162933	0.57108635	0.6020016	0.5068732	0.550357
0.5921222	0.5414913	0.5656761	0.55593544	0.51900244	0.5368345
0.6566632	0.52667904	0.584532	0.62182784	0.4890837	0.54752487
0.65	0.55798686	0.6004891	0.6210287	0.5349194	0.57476676
0.6143827	0.5637098	0.5879565	0.5873916	0.5507937	0.5685043
0.6343561	0.54637265	0.58708626	0.6082354	0.53308934	0.56818855
0.6470002	0.54637265	0.5924439	0.6054241	0.5139805	0.55596733
0.6535596	0.53156036	0.5862805	0.6297399	0.51312935	0.56548554
0.4745509	0.42686418	0.44944617	0.48224705	0.45376006	0.46757007
0.62888086	0.58643323	0.6069158	0.5942458	0.56432736	0.5789003
0.63340086	0.5790271	0.6049947	0.6031391	0.56258243	0.5821553
0.67451775	0.50614375	0.57832485	0.65687007	0.48606205	0.55870265
0.63804287	0.546541	0.58875793	0.6189979	0.5294293	0.57072073
0.5468298	0.5414913	0.5441475	0.53386474	0.5444525	0.5391066
0.63917905	0.5871065	0.6120372	0.60748005	0.5668383	0.5864559
0.656087	0.5079953	0.57262117	0.63425297	0.49410564	0.55547583
0.54421526	0.5106884	0.52691907	0.5368905	0.5168745	0.5266924
0.6842368	0.4610335	0.55088496	0.6606293	0.4253309	0.51748866
0.6301319	0.57094765	0.5990816	0.6014509	0.55747545	0.57862884
0.5490551	0.45968693	0.5004123	0.5344828	0.46439973	0.49698266
0.6676743	0.5576502	0.60772264	0.637555	0.5300251	0.5788385
0.60119504	0.5249958	0.56051755	0.5754179	0.5024897	0.53648674
0.6492308	0.56825453	0.6060497	0.62133783	0.55147463	0.5843254
0.6542961	0.546036	0.595284	0.62881154	0.5318551	0.5762837
0.6326402	0.50698537	0.56288546	0.61421937	0.49525473	0.548359
0.68857145	0.5273523	0.5972738	0.67181927	0.5049581	0.57655865
0.5942188	0.5467093	0.5694749	0.56381136	0.52606714	0.54428566
0.6614049	0.56421477	0.60895634	0.63172835	0.53994125	0.58223957
0.6329114	0.5638781	0.5964038	0.6055719	0.55134696	0.5771887
0.7085939	0.51489645	0.59641254	0.68941796	0.49048814	0.5731835
0.6411396	0.53408515	0.58273643	0.62813735	0.5208324	0.56947416
0.588564	0.531897	0.55879754	0.5769319	0.5360259	0.5557271
0.6517281	0.5776805	0.6124743	0.6191626	0.5563689	0.58608866
0.6200697	0.56892776	0.59339887	0.59732705	0.5592203	0.5776459
0.5832575	0.53947145	0.5605107	0.5653784	0.5391752	0.551966
0.6034191	0.5406497	0.5703125	0.5895318	0.54070735	0.564065
0.65182674	0.5495708	0.59634703	0.62789416	0.533217	0.57669556
0.63652414	0.5462043	0.5879156	0.5999213	0.5188322	0.55643797
0.59398496	0.5451944	0.56854486	0.5649286	0.53211045	0.54802865
0.6894844	0.39841777	0.5050139	0.6755249	0.37106866	0.4790133
0.61986613	0.5766706	0.59748864	0.5989127	0.56730646	0.5826813
0.65438855	0.52331257	0.5815563	0.63686	0.50134057	0.56103253
0.6756757	0.5638781	0.6147353	0.65597063	0.5402817	0.5925321
0.64981204	0.58188856	0.61397743	0.6228128	0.56351876	0.591684
0.6342691	0.5514223	0.5899514	0.6152517	0.54560155	0.5783372
0.5810866	0.4788756	0.5250531	0.57346886	0.48018897	0.5226999
0.67653954	0.5344218	0.59714127	0.66371053	0.5159808	0.58059573
0.6150226	0.5719576	0.5927089	0.58842444	0.5529642	0.57014346
0.70035005	0.5051338	0.5869353	0.6803119	0.4752947	0.55961716
0.6208048	0.594681	0.60746217	0.58982974	0.5750947	0.582369
0.58136326	0.56707627	0.5741309	0.5687082	0.56432736	0.5665093
0.6153433	0.57784885	0.59600693	0.6005853	0.57645655	0.58827364
0.60810304	0.5482242	0.57661325	0.5965139	0.5490914	0.5718211
0.6234172	0.60494864	0.6140441	0.61011714	0.60518366	0.6076404
0.5831296	0.5620266	0.57238364	0.57946265	0.5718177	0.57561475
0.68081063	0.5428379	0.6040457	0.6676136	0.5200664	0.584675
0.74176437	0.4472311	0.55801743	0.7201747	0.414138	0.5258721
0.6040655	0.5652247	0.584	0.5728086	0.5476018	0.5599217
0.6191435	0.56943274	0.59324855	0.6019615	0.5668383	0.5838722
0.63307446	0.56253153	0.5957219	0.6197772	0.5612206	0.5890472
0.63198984	0.5859283	0.608088	0.6204261	0.5873941	0.60345846
0.6362982	0.59484935	0.61487603	0.6129783	0.5829255	0.5975743
0.64506406	0.57633394	0.60876524	0.62530565	0.56598717	0.59416956
0.6388297	0.5549571	0.59394705	0.60306495	0.5275567	0.56278944
0.6518187	0.56404644	0.60476446	0.62349415	0.53964335	0.57854635
0.63194567	0.5953543	0.6131045	0.6181544	0.5932672	0.60545516
0.69569963	0.5364417	0.6057784	0.6825638	0.51712984	0.5884404
0.613895	0.6083151	0.6110923	0.60268325	0.60986507	0.6062529
0.7243526	0.4896482	0.58431256	0.697425	0.44839767	0.54585016
0.61188084	0.594681	0.60315835	0.5965295	0.59399074	0.5952574
0.638349	0.49200472	0.5557034	0.64290154	0.48431715	0.552454
0.6217057	0.57178926	0.59570366	0.6092952	0.57356256	0.59088916
0.6706292	0.550749	0.6048059	0.6682382	0.5428778	0.59907013
0.718427	0.47971722	0.5752927	0.70492023	0.44937652	0.5488616
0.6237402	0.56253153	0.5915568	0.6049725	0.5571349	0.5800691
0.71477664	0.5251641	0.60547256	0.69937307	0.5032557	0.5853236
0.59872967	0.53947145	0.567558	0.5658933	0.5127889	0.5380339
0.63954705	0.5133816	0.5695612	0.62463754	0.4950419	0.5523398
0.6207792	0.5632048	0.5905922	0.5914078	0.54368645	0.566544
0.5895659	0.5440162	0.5658759	0.5736823	0.5401115	0.556391
0.58968365	0.5522639	0.5703607	0.5528481	0.52623737	0.5392146
0.5753553	0.5179263	0.54513246	0.5710277	0.5282802	0.5488228
0.62176347	0.59821576	0.6097624	0.60909486	0.59569305	0.6023194
0.69338804	0.54014474	0.6072476	0.6864268	0.5189173	0.5910325
0.6654538	0.52331257	0.5858852	0.66050124	0.5136826	0.5779129
0.60965353	0.51237166	0.5567953	0.6005837	0.50797975	0.55041385
0.644036	0.5780172	0.60924333	0.63773924	0.5757756	0.60517544
0.62480515	0.60713685	0.6158443	0.60376954	0.59577817	0.59974724
0.6211462	0.57650226	0.5979921	0.5970554	0.562625	0.5793291
0.64839846	0.58946306	0.6175278	0.6341925	0.58428735	0.60821795
0.60750794	0.5802054	0.5935428	0.5997724	0.58318084	0.5913603
0.67626053	0.52600574	0.591744	0.6644609	0.49572286	0.5678212
0.6429431	0.5398081	0.58687896	0.63953906	0.53377026	0.58188736
0.6151717	0.5610167	0.5868474	0.6155648	0.570243	0.5920378
0.5783683	0.5751557	0.57675755	0.5715296	0.5845427	0.57796293
0.6283123	0.594681	0.6110342	0.61803335	0.5927565	0.6051311
0.57655543	0.5381249	0.5566777	0.54766387	0.51981103	0.5333741
0.6010753	0.5645514	0.5822411	0.5786432	0.55394304	0.56602377
0.6440183	0.59350276	0.6177295	0.6279916	0.5873941	0.60701483
0.65634984	0.55327386	0.6004201	0.65407807	0.54470783	0.5944038
0.6599429	0.5451944	0.59710574	0.6536778	0.5275993	0.58391035
0.6306224	0.5781855	0.6032666	0.60812104	0.56790227	0.58732396
0.6134001	0.53627336	0.57224965	0.61166966	0.5411755	0.57426727
0.6377432	0.55175894	0.59164333	0.6262454	0.5457292	0.5832215
0.6392578	0.59148294	0.61444306	0.62712324	0.58764946	0.606745
0.59335124	0.59484935	0.59409934	0.56608033	0.5765842	0.571284
0.65391374	0.5638781	0.60556763	0.6380194	0.5456441	0.5882272
0.5982393	0.50328225	0.5466679	0.60546345	0.51125675	0.55438644
0.52024794	0.42383438	0.46711808	0.52909946	0.44533345	0.48361602
0.6911993	0.5248275	0.59663224	0.69200504	0.5164489	0.5914751
0.62573403	0.60983	0.61767966	0.6080597	0.5997787	0.60389084
0.592717	0.5643831	0.57820314	0.59078187	0.574967	0.5827672
0.6467391	0.56084836	0.6007392	0.6381093	0.55155975	0.59168625
0.5960601	0.51439154	0.5522226	0.58428603	0.5111291	0.54526466
0.7068176	0.49385625	0.58145064	0.69347435	0.46312296	0.5553599
0.64592594	0.5871065	0.6151133	0.6385018	0.581138	0.6084709
0.62601477	0.58407676	0.60431904	0.61230576	0.5853088	0.598503
0.63198227	0.5275206	0.5750459	0.6234387	0.51619357	0.56477
0.65187	0.5808786	0.61433023	0.6465452	0.5766268	0.60958767
0.5649062	0.49149975	0.5256526	0.55871004	0.4991701	0.52726454
0.68832004	0.5386299	0.6043437	0.68816787	0.52623737	0.5964066
0.6404255	0.60797846	0.6237803	0.61380166	0.5890114	0.60115105
0.67958033	0.56690794	0.6181518	0.66752	0.55487937	0.6060099
0.64540905	0.6081468	0.6262241	0.6254615	0.5984168	0.61164033
0.6696886	0.5719576	0.61697686	0.65441924	0.54955953	0.597423
0.6460092	0.5667396	0.6037837	0.62137645	0.5510065	0.58407956
0.61756533	0.5610167	0.5879344	0.6076298	0.563306	0.584629
0.6508406	0.5929978	0.62057424	0.64378005	0.5873941	0.6142959
0.65083	0.5741458	0.61008763	0.6384771	0.56454015	0.59923655
0.62444913	0.54856086	0.5840502	0.6139247	0.5478997	0.5790361
0.6366058	0.5632048	0.59766006	0.61990374	0.55909264	0.5879299
0.6611705	0.6142064	0.6368237	0.6408742	0.6002894	0.6199182
0.66026103	0.6130281	0.63576853	0.638403	0.59952337	0.6183526
0.64016587	0.59771085	0.6182103	0.6258079	0.5933949	0.60917056
0.64484996	0.6185827	0.6314433	0.6320844	0.6217815	0.62689066
0.6589812	0.6206026	0.63921636	0.6516633	0.62110054	0.636015
0.66341656	0.5726309	0.61468965	0.64262766	0.5533047	0.5946304
0.63250166	0.6315435	0.63202226	0.6112169	0.6284632	0.6197201
0.6465783	0.59956235	0.6221834	0.6185529	0.5752224	0.5961013
0.6944444	0.5386299	0.60669255	0.6824405	0.51125675	0.5845742
0.61478394	0.59636426	0.60543406	0.5964039	0.5914798	0.5939316
0.6522233	0.5802054	0.6141101	0.6407628	0.5719879	0.60442525
0.6505079	0.6143747	0.6319252	0.6427047	0.61527	0.6286882
0.6297293	0.63036525	0.6300471	0.60470164	0.616334	0.6104624
0.6551975	0.60579026	0.62952596	0.6324535	0.59450144	0.6128905
0.652232	0.5754923	0.61146384	0.63237625	0.55960333	0.59376836
0.73714954	0.5310554	0.6173564	0.7381025	0.51683193	0.6079599
0.6361998	0.59400773	0.61438024	0.6226508	0.5936077	0.6077825
0.7526329	0.49318296	0.59589183	0.7331771	0.46601695	0.5698376
0.5699825	0.5497391	0.55967784	0.5512699	0.54500574	0.5481199
0.6331947	0.5381249	0.58180165	0.63101494	0.53130186	0.5768813
0.640811	0.57986873	0.6088186	0.62493646	0.57573307	0.5993266
0.6889599	0.5808786	0.63031965	0.6807579	0.5688386	0.6197862
0.6239437	0.521966	0.5684172	0.62570333	0.53479165	0.57668656
0.6003367	0.60023564	0.6002862	0.57399046	0.58981997	0.5817976
0.6562054	0.61942434	0.63728464	0.6322168	0.6105035	0.62117046
0.61042845	0.61875105	0.61456156	0.57329994	0.594161	0.5835441
0.61269146	0.51843125	0.5616338	0.6019957	0.5160659	0.5557287
0.65919363	0.6137014	0.6356346	0.6448112	0.6119079	0.6279288
0.66414094	0.59013635	0.6249554	0.65313447	0.58884114	0.6193237
0.60329163	0.5923245	0.59775776	0.5865211	0.5944589	0.5904633
0.6515581	0.61942434	0.635085	0.647241	0.63148487	0.6392659
0.6609315	0.6401279	0.6503634	0.6412735	0.63518745	0.63821596
0.6927924	0.59215623	0.6385334	0.6809519	0.58088267	0.6269493
0.69204974	0.590473	0.63723886	0.68715805	0.58799	0.63371783
0.67054486	0.5820569	0.6231753	0.66078013	0.5796485	0.61756104
0.6662464	0.62262243	0.6436962	0.65442777	0.6280802	0.64098334
0.6808595	0.5759973	0.62405396	0.663848	0.5679874	0.6121878
0.62435234	0.5679179	0.59479946	0.61023104	0.57215816	0.5905816
0.5564902	0.48998484	0.52112424	0.5471724	0.5003192	0.522698
0.67164177	0.6059586	0.6371118	0.6613555	0.60590714	0.6324183
0.6839007	0.44975594	0.54264826	0.69942576	0.45099375	0.54838544
0.65221334	0.60511696	0.6277831	0.6393855	0.60577947	0.62212896
0.664287	0.6264939	0.64483714	0.6487074	0.6225901	0.63538045
0.67299676	0.48914325	0.56652695	0.6772312	0.48925394	0.56809646
0.6699507	0.6409695	0.6551398	0.64542526	0.6310593	0.6381614
0.68295264	0.5435112	0.6053051	0.6846788	0.5370898	0.60197
0.64816207	0.58172023	0.6131465	0.6324309	0.5736477	0.6016068
0.6239957	0.5882848	0.6056143	0.6201839	0.6028429	0.6113905
0.7183986	0.53761995	0.61499953	0.7207702	0.53049326	0.6111642
0.6868997	0.6019189	0.6416076	0.6775396	0.5958207	0.634058
0.6764706	0.5574819	0.61123925	0.6693975	0.54943186	0.60351074
0.63272727	0.615048	0.62376237	0.6049176	0.59994894	0.602423
0.671159	0.54485774	0.60144925	0.6743501	0.5453462	0.603026
0.6725539	0.6409695	0.65638196	0.6587014	0.6428906	0.6507
0.7375938	0.51287663	0.6050437	0.73582894	0.49942547	0.5950057
0.5700435	0.4849352	0.5240564	0.5562879	0.4956803	0.52423817
0.6785359	0.5741458	0.6219913	0.661272	0.5686258	0.61145943
0.67266256	0.60427535	0.6366377	0.67030025	0.6071413	0.63715947
0.66536826	0.63255346	0.64854604	0.64646554	0.62739927	0.6367897
0.6334761	0.5975425	0.61498487	0.6221907	0.59735286	0.6095188
0.61779296	0.60781014	0.6127609	0.5931632	0.59152234	0.5923416
0.68634063	0.61656284	0.6495833	0.68201506	0.61650425	0.64760715
0.6987823	0.55058074	0.6158915	0.70399386	0.54687834	0.6155689
0.6721664	0.6308702	0.65086395	0.6675012	0.63540024	0.6510553
0.6858	0.61538464	0.648687	0.68227	0.6134826	0.6460504
0.6822877	0.60040396	0.6387322	0.67726856	0.5981189	0.63523775
0.723784	0.546036	0.62246954	0.7248931	0.5409627	0.6195652
0.65708375	0.53475845	0.58964366	0.65965986	0.5315572	0.5887205
0.6363964	0.5945127	0.614742	0.62354827	0.59637403	0.6096585
0.6417739	0.56269985	0.59964126	0.64085174	0.5750947	0.6061952
0.66376656	0.6163945	0.639204	0.6521096	0.619611	0.63544506
0.66285294	0.604612	0.6323944	0.652991	0.597438	0.62398046
0.6210733	0.6389497	0.62988466	0.59514916	0.6307614	0.612438
0.57984793	0.56471974	0.57218385	0.5630455	0.56556153	0.5643007
0.7072326	0.5497391	0.6186192	0.7099653	0.54849553	0.61887157
0.64851034	0.5972059	0.6218016	0.64292806	0.60629016	0.62407184
0.6993789	0.47382596	0.5649207	0.7067519	0.4659744	0.56164557
0.67929447	0.5704427	0.6201281	0.67727983	0.57305187	0.6208216
0.65240014	0.65426695	0.65333223	0.6414009	0.65472186	0.6479929
0.6992776	0.57027435	0.62822175	0.69727546	0.5587522	0.62037516
0.60052663	0.5374516	0.5672411	0.5832911	0.5387071	0.56011325
0.68988097	0.585255	0.6332757	0.69284487	0.5827127	0.63302433
0.5882353	0.50328225	0.5424528	0.5798259	0.5130017	0.5443707
0.6628959	0.5425013	0.5966861	0.66885906	0.54964465	0.6034201
0.65299684	0.6620098	0.65747243	0.637034	0.6581266	0.64740855
0.67318857	0.5270156	0.5912009	0.6806853	0.5241946	0.59227735
0.67372036	0.62699884	0.6495205	0.6742906	0.6361238	0.65465134
0.67447823	0.62009764	0.64614576	0.65746564	0.6142912	0.63514555
0.6444717	0.6190877	0.63152474	0.6292397	0.62058985	0.62488484
0.65114677	0.6355832	0.64327085	0.63517624	0.63952845	0.6373449
0.6135737	0.56152165	0.5863948	0.5934303	0.5504958	0.57115734
0.66158754	0.6285137	0.6446267	0.65380055	0.63365537	0.64357036
0.60450965	0.5685911	0.5860005	0.5894709	0.56849813	0.5787946
0.68994707	0.5487292	0.6112882	0.6980087	0.5579436	0.62016606
0.6746492	0.6069685	0.6390218	0.6619765	0.5906711	0.62429434
0.6541807	0.62026596	0.6367721	0.6485496	0.62514365	0.63663155
0.6300127	0.5844134	0.606357	0.62023443	0.5878197	0.60359216
0.6710999	0.6285137	0.64910907	0.6679163	0.6369324	0.65205646
0.66602427	0.58172023	0.62102425	0.6561987	0.57803124	0.61463964
0.6465835	0.61959267	0.6328004	0.6378901	0.62893134	0.63337904
0.6864312	0.62161255	0.6524159	0.6853689	0.6321658	0.65769315
0.71366423	0.6074735	0.65630114	0.7140447	0.6123335	0.6592893
0.63335866	0.561185	0.59509146	0.6325141	0.57722265	0.6036048
0.578887	0.50951016	0.5419875	0.5714954	0.51998127	0.5445227
0.68205875	0.62901866	0.65446585	0.67675304	0.6358259	0.6556514
0.68323785	0.6222858	0.651339	0.66566706	0.62348384	0.6438853
0.62906307	0.5537788	0.58902514	0.61429375	0.55858195	0.58511466
0.61012185	0.54788756	0.5773324	0.62356645	0.56462526	0.59263396
0.69872046	0.6066319	0.6494279	0.6965708	0.6103332	0.6506068
0.6213355	0.51371825	0.56242514	0.6123576	0.528493	0.5673428
0.66778773	0.6015822	0.6329585	0.66775876	0.6158658	0.6407634
0.58718616	0.5707793	0.5788665	0.58836246	0.5908414	0.5895993
0.6726179	0.60242385	0.6355887	0.67802393	0.61739796	0.64629227
0.69411767	0.5859283	0.6354509	0.69906694	0.5962463	0.6435757
0.69515723	0.60646355	0.6477886	0.69587106	0.6118228	0.65114594
0.6763832	0.61319643	0.6432418	0.6771054	0.6248032	0.6499037
0.65548664	0.5690961	0.60924405	0.66562593	0.58973485	0.6253864
0.65106094	0.6507322	0.65089655	0.6406784	0.65433884	0.64743656
0.65639627	0.5665713	0.608185	0.65032065	0.57398814	0.6097748
0.57295173	0.51556975	0.5427483	0.567371	0.52793974	0.54694563
0.7003498	0.6066319	0.6501308	0.6969903	0.61007786	0.65064454
0.6610311	0.6647029	0.66286194	0.6474524	0.6630208	0.65514416
0.62691927	0.52920383	0.5739321	0.61726236	0.52623737	0.568127
0.5806395	0.55327386	0.5666264	0.5696705	0.5555603	0.56252694
0.6216379	0.5212927	0.56706035	0.61229205	0.5075116	0.55499965
0.6013197	0.5828985	0.5919658	0.60376954	0.59577817	0.59974724
0.6723761	0.6211076	0.6457258	0.6703921	0.6279951	0.64850134
0.708684	0.6236324	0.66344345	0.7136322	0.6307188	0.66961867
0.6720339	0.66739607	0.66970694	0.6558679	0.6642976	0.6600558
0.65875876	0.5842451	0.61926854	0.66293144	0.5967145	0.6280825
0.6510946	0.56068003	0.60251427	0.64762324	0.56300807	0.60235864
0.6817738	0.5874432	0.6311031	0.68416154	0.5947142	0.6363098
0.59721714	0.5490658	0.57213014	0.58209556	0.5520705	0.5666856
0.6322709	0.59097797	0.61092746	0.6269488	0.5990126	0.61266243
0.64716005	0.6328901	0.6399455	0.6389441	0.64280546	0.64086896
0.70097756	0.61555296	0.6554938	0.70568174	0.6253139	0.66307145
0.6066929	0.5187679	0.5592959	0.62866676	0.5454313	0.58409864
0.67052025	0.6052853	0.63623494	0.6672815	0.61582327	0.6405206
0.6846001	0.6382764	0.6606272	0.67989594	0.6452313	0.6621102
0.64557403	0.6199293	0.6324918	0.6383731	0.6379112	0.63814205
0.64921904	0.6576334	0.6533991	0.6355427	0.6619143	0.64846045
0.6471774	0.5943444	0.6196368	0.63870674	0.60114056	0.61935455
0.6712049	0.6638613	0.6675129	0.6490066	0.65897775	0.65395415
0.65424955	0.6089884	0.6308081	0.66102	0.62442017	0.64219904
0.566382	0.4911631	0.52609754	0.5782976	0.51236326	0.54333746
0.6865616	0.6157213	0.6492147	0.6919987	0.63050604	0.65982276
0.6754888	0.57566065	0.62159216	0.6798696	0.5946291	0.6343988
0.5795413	0.5359367	0.55688673	0.5915392	0.5629655	0.57689875
0.64821076	0.6128598	0.6300398	0.65154034	0.63365537	0.6424734
0.6982306	0.60444367	0.647961	0.7041822	0.6262927	0.66295755
0.7014218	0.62279075	0.65977174	0.7032116	0.6262076	0.66247946
0.64099544	0.6416428	0.641319	0.6165091	0.63540024	0.6258121
0.6623884	0.599394	0.6293187	0.6626911	0.61246115	0.63658684
0.6443939	0.62009764	0.63201237	0.64568865	0.63706005	0.6413453
0.6495505	0.63238513	0.64085287	0.65710473	0.64927435	0.65316606
0.62140733	0.63322675	0.62726134	0.59514517	0.6229306	0.60872096
0.65481174	0.5795321	0.61487633	0.6634882	0.60114056	0.6307775
0.70474917	0.6219492	0.66076535	0.70758927	0.62058985	0.6612402
0.56982374	0.49520284	0.5298991	0.5838827	0.52019405	0.5502014
0.6569163	0.6275038	0.6418733	0.6449294	0.63008046	0.63741845
0.43857634	0.45009258	0.44425985	0.4481239	0.47167724	0.459599
0.6824774	0.67328733	0.6778512	0.66658133	0.6651062	0.66584295
0.56020594	0.56774956	0.5639525	0.5781212	0.60186404	0.58975375
0.6958915	0.5958593	0.64200217	0.70143974	0.59922546	0.6463163
0.67443544	0.6283454	0.6505751	0.6756696	0.64199686	0.658403
0.6854564	0.5751557	0.62548053	0.69408983	0.58777714	0.6365249
0.6245448	0.5773439	0.6000175	0.63166434	0.5965017	0.61357963
0.6552474	0.60848343	0.63100016	0.6607882	0.6251011	0.64244944
0.6923077	0.62413734	0.6564575	0.6980938	0.6343363	0.6646896
0.60802853	0.5736408	0.5903343	0.60385704	0.58101034	0.59221345
0.68223596	0.6121865	0.6453158	0.6886739	0.62416476	0.65483445
0.6571756	0.5788588	0.6155361	0.66530997	0.59828913	0.63002217
0.655101	0.63878137	0.64683825	0.6450762	0.65570074	0.6503451
0.6756217	0.6264939	0.650131	0.68289816	0.64340127	0.66256166
0.6107369	0.5036189	0.55202955	0.63279694	0.5271737	0.5751765
0.6637993	0.62346405	0.64299977	0.6603673	0.6320381	0.6458922
0.59304744	0.5283622	0.55883926	0.6059953	0.5506235	0.576984
0.66701376	0.5391348	0.59629524	0.6835893	0.55700725	0.61384046
0.69026875	0.6268305	0.6570219	0.67792916	0.622505	0.649036
0.6875694	0.62565225	0.6551511	0.6878161	0.636677	0.6612593
0.6479804	0.57784885	0.61090845	0.64912444	0.5963314	0.62160903
0.678887	0.60781014	0.64138544	0.67845035	0.62156874	0.6487651
0.7116778	0.4133984	0.5229983	0.7356891	0.41732988	0.5325585
0.6278626	0.6091567	0.6183682	0.62525976	0.6274418	0.62634885
0.64186674	0.6389497	0.6404049	0.6288307	0.6488488	0.6386829
0.61628115	0.57852215	0.596805	0.604642	0.5876069	0.59600276
0.70537394	0.63188016	0.6666075	0.70162827	0.6271865	0.6623222
0.71920985	0.6005723	0.6545588	0.72298586	0.5976933	0.65439636
0.6968982	0.64669245	0.67085737	0.6976607	0.65493464	0.6756229
0.7002897	0.65090054	0.6746925	0.69973266	0.6571477	0.6777719
0.6869981	0.67682207	0.6818721	0.6724545	0.6790654	0.67574376
0.6535726	0.6497223	0.6516418	0.64719576	0.6507214	0.6489538
0.7076556	0.54923415	0.61846095	0.72438127	0.5679874	0.63672143
0.69025546	0.61403805	0.6499198	0.69402057	0.6194408	0.6546133
0.6753525	0.6369298	0.6555787	0.6797123	0.6556156	0.66744655
0.6777934	0.64938563	0.6632855	0.6760637	0.66136104	0.66863155
0.692728	0.6189194	0.653747	0.69347703	0.62710136	0.6586211
0.66320044	0.5797004	0.6186456	0.6567443	0.5830957	0.6177326
0.63815904	0.62548393	0.6317579	0.6322539	0.6273567	0.6297958
0.6575768	0.64130616	0.64933956	0.6483968	0.6514874	0.64993846
0.685872	0.6692476	0.6774578	0.6815042	0.6717879	0.6766112
0.70465934	0.6389497	0.6701977	0.70566946	0.6473167	0.67523474
0.6734733	0.59400773	0.6312494	0.6773946	0.60194916	0.6374473
0.67750627	0.6347416	0.65542716	0.6764521	0.6413585	0.658438
0.65050834	0.60309714	0.62590617	0.6598377	0.61956847	0.6390694
0.68753326	0.6525837	0.66960275	0.6869734	0.66276544	0.67465234
0.674219	0.66116816	0.66762984	0.6635427	0.6659148	0.6647266
0.60117805	0.5325703	0.5647983	0.6037259	0.54892117	0.5750206
0.5603236	0.53627336	0.5480347	0.55592763	0.5440269	0.54991287
0.6717812	0.67800033	0.67487645	0.66000247	0.67438394	0.66711575
0.65762883	0.6572968	0.6574628	0.6452417	0.66136104	0.65320194
0.5426163	0.5850867	0.56305176	0.5364404	0.59518236	0.5642867
0.61779326	0.62767214	0.6226935	0.5927613	0.6147593	0.6035599
0.66353124	0.5699377	0.6131836	0.6652034	0.58041453	0.6199232
0.56243235	0.52465916	0.5428895	0.5664045	0.54560155	0.5558085
0.6715369	0.61117655	0.63993657	0.6687341	0.614887	0.64068115
0.683327	0.60983	0.6444899	0.682527	0.61841935	0.64889365
0.7223807	0.63945466	0.6783928	0.72316897	0.64293313	0.6806948
0.70818573	0.63928634	0.67197454	0.7082884	0.6426352	0.67386645
0.68286216	0.6505639	0.6663219	0.676468	0.65599865	0.6660761
0.6889183	0.61319643	0.6488556	0.6921115	0.62356895	0.6560548
0.6735981	0.66520786	0.6693767	0.65571165	0.66740435	0.66150635
0.66689765	0.64803904	0.6573331	0.66811925	0.6590203	0.6635386
0.65443426	0.6123548	0.6326957	0.6384704	0.61322725	0.62559426
0.73123753	0.55596703	0.6316695	0.7420713	0.562625	0.64000773
0.6911911	0.5850867	0.6337283	0.70247185	0.5950547	0.644317
0.6685514	0.57717556	0.6195122	0.6765337	0.5904158	0.63054794
0.48386565	0.49469787	0.4892218	0.48435923	0.5107035	0.49718264
0.6849068	0.5751557	0.6252516	0.6932241	0.586926	0.6356618
0.68901545	0.6313752	0.6589372	0.6835067	0.6374005	0.65964895
0.68927556	0.65342534	0.67087185	0.6771774	0.63795376	0.6569807
0.70614034	0.6503956	0.6771226	0.70028675	0.654807	0.6767837
0.7015554	0.6453459	0.67227775	0.7000829	0.6467209	0.67234474
0.68889683	0.648544	0.6681117	0.68570024	0.6536579	0.6692958
0.6837786	0.6591483	0.6712376	0.6765152	0.66361666	0.6700039
0.64893204	0.56253153	0.6026508	0.6613208	0.58088267	0.6184974
0.66017914	0.6451776	0.6525921	0.66147345	0.659531	0.6605008
0.6770903	0.6815351	0.67930543	0.67310435	0.68229985	0.67767096
0.7257028	0.6083151	0.66184413	0.74347395	0.60969484	0.66997147
0.69332546	0.59097797	0.6380736	0.7053687	0.60165125	0.6493948
0.68891925	0.6791786	0.68401426	0.68724775	0.68119335	0.68420714
0.6752242	0.6463558	0.6604747	0.673601	0.64906156	0.66110367
0.70188415	0.6709308	0.6860585	0.6995098	0.67408603	0.68656266
0.68207383	0.653257	0.66735446	0.6775378	0.65957355	0.66843504
0.7239371	0.62767214	0.6723765	0.727052	0.6371026	0.6791118
0.68684536	0.6512372	0.6685675	0.68603987	0.6611057	0.673342
0.6597674	0.6492173	0.6544498	0.65480626	0.65867984	0.6567373
0.57646626	0.5310554	0.55282986	0.60486376	0.5716049	0.5877642
0.6522732	0.57717556	0.6124308	0.65758044	0.5975231	0.6261149
0.660957	0.5975425	0.62765205	0.6720209	0.6125037	0.6408835
0.67562574	0.6769904	0.6763074	0.67579126	0.6860876	0.6809005
0.72001535	0.6315435	0.6728838	0.7228723	0.6362089	0.6767775
0.7192043	0.6328901	0.67329216	0.71692055	0.6368898	0.6745397
0.61332875	0.6025922	0.6079131	0.60529405	0.6140784	0.6096546
0.6853147	0.64332604	0.6636569	0.68091387	0.64816785	0.6641374
0.5845806	0.56539303	0.5748267	0.6003111	0.591267	0.59575474
0.74353796	0.619761	0.67603046	0.7442333	0.6233987	0.67847794
0.63414633	0.6345733	0.6343598	0.63653076	0.6484232	0.64242196
0.66992325	0.6463558	0.6579285	0.67430884	0.6446355	0.6591384
0.7220555	0.64803904	0.683048	0.71287084	0.6463378	0.67797595
0.6646919	0.66099983	0.6628407	0.66276217	0.66702133	0.6648849
0.66684073	0.64484096	0.65565634	0.66270864	0.65557307	0.6591215
0.70337737	0.6450093	0.67293	0.7032612	0.6387624	0.66946185
0.6573344	0.561185	0.60546625	0.6568294	0.5759033	0.61371005
0.7249191	0.60326546	0.6585209	0.73407346	0.6134826	0.6683822
0.65206236	0.5987207	0.6242541	0.6670784	0.6206324	0.64301777
0.66284484	0.62279075	0.64219385	0.6634219	0.643912	0.65352136
0.6357791	0.649049	0.6423455	0.62776273	0.65033835	0.63885117
0.69550604	0.6616731	0.6781679	0.6949034	0.67485213	0.684731
0.7140449	0.64181113	0.6760039	0.7185472	0.6550624	0.6853377
0.6992274	0.6397913	0.6681902	0.7004673	0.6570626	0.6780711
0.64849275	0.58660156	0.6159965	0.65417606	0.60701364	0.629713
0.72189116	0.6116815	0.66223234	0.7314382	0.6263778	0.67484355
0.6951812	0.6264939	0.65905267	0.69980997	0.64250755	0.66993564
0.69317186	0.6647029	0.67863894	0.68928933	0.6691067	0.67904806
0.7074895	0.6232957	0.6627293	0.7135987	0.6378261	0.67358816
0.6937898	0.67884195	0.6862345	0.6832761	0.6863004	0.6847849
0.6473265	0.5746507	0.6088275	0.65652007	0.588373	0.6205813
0.696205	0.5897997	0.63860035	0.713958	0.6093118	0.6574971
0.6405771	0.5978792	0.61849207	0.6501145	0.6162489	0.6327289
0.630724	0.6143747	0.622442	0.6375352	0.6358259	0.63667935
0.64525694	0.6594849	0.6522933	0.65179634	0.67715025	0.6642314
0.70850503	0.63659316	0.6706268	0.71618086	0.65250885	0.68286383
0.69700104	0.6806935	0.68875074	0.6934974	0.6908116	0.6921519
0.67970866	0.67547554	0.6775855	0.6812296	0.6828531	0.6820404
0.671089	0.6130281	0.64074594	0.66580003	0.6212282	0.64274234
0.71148664	0.6662178	0.6881085	0.7144014	0.6757884	0.6945587
0.7323836	0.48459855	0.5832658	0.7492702	0.5024897	0.6015539
0.65457517	0.6742973	0.66428983	0.64646095	0.6794484	0.66254437
0.7251167	0.65359366	0.6875	0.72970694	0.6634038	0.6949776
0.6855842	0.6588116	0.6719313	0.69186044	0.66851085	0.6799853
0.699756	0.62767214	0.6617569	0.707392	0.63697493	0.6703393
0.63633054	0.5884531	0.61145604	0.6549866	0.61573815	0.63475627
0.7075041	0.6522471	0.67875284	0.7111384	0.6648934	0.6872388
0.727444	0.5849184	0.64844185	0.74225235	0.6013959	0.66444105
0.6177533	0.60444367	0.61102605	0.6135771	0.611227	0.6123998
0.661951	0.67732704	0.6695508	0.6460612	0.67119205	0.6583869
0.72183096	0.6211076	0.667692	0.7295209	0.63901776	0.6812768
0.7009721	0.5583235	0.62156844	0.7156572	0.5647104	0.63128597
0.6712424	0.65022725	0.6605677	0.66636467	0.65740305	0.66185355
0.60023665	0.59771085	0.59897107	0.60045385	0.6081202	0.6042627
0.73601973	0.6025922	0.6626562	0.74793106	0.61156744	0.67291033
0.67304087	0.60427535	0.6368071	0.6753907	0.61612123	0.64439595
0.6932247	0.58727485	0.6358666	0.7091552	0.60590714	0.6534781
0.6923336	0.6931493	0.6927412	0.68728566	0.69936585	0.6932731
0.7151767	0.5790271	0.6399405	0.7265015	0.59045833	0.65145326
0.7106581	0.668911	0.68915284	0.71036017	0.67991656	0.694805
0.6969529	0.6352466	0.66467065	0.6983917	0.6505086	0.67360026
0.59334415	0.6152163	0.6040823	0.59043217	0.62505853	0.6072521
0.71824616	0.61487967	0.6625555	0.72654223	0.6195259	0.66878
0.6907308	0.6522471	0.6709376	0.68879396	0.6654892	0.67694104
0.6224914	0.5795321	0.60024405	0.61902	0.5897774	0.604045
0.714185	0.68220836	0.69783056	0.71472883	0.6864706	0.70031476
0.6825516	0.6123548	0.64555055	0.69912255	0.6307188	0.66316146
0.7115927	0.6798519	0.69536024	0.7142982	0.6954505	0.70474833
0.7193887	0.63390005	0.6739442	0.7293764	0.6505937	0.6877362
0.63817716	0.6246423	0.63133717	0.63670987	0.63318723	0.63494366
0.65674776	0.6315435	0.6438991	0.6693513	0.6508065	0.65994865
0.72092617	0.6970207	0.70877194	0.7140679	0.6975359	0.70570505
0.679271	0.67126745	0.6752455	0.67067504	0.66936207	0.6700179
0.71739525	0.66571283	0.6905884	0.72463834	0.67791635	0.7004991
0.71425956	0.6567918	0.6843213	0.7189988	0.66872364	0.69295055
0.71022207	0.6514055	0.67954344	0.71373296	0.66731924	0.6897462
0.7137111	0.6869214	0.70006	0.7108386	0.6908116	0.70068204
0.6543875	0.63390005	0.64398086	0.6466935	0.64259267	0.6446366
0.63080645	0.65830666	0.64426327	0.62812465	0.6683832	0.64762884
0.70050126	0.6586433	0.6789277	0.7123777	0.67872494	0.6951443
0.6749384	0.64551425	0.65989846	0.68103564	0.6616164	0.67118555
0.7114516	0.6096617	0.6566352	0.72451955	0.6241222	0.6705839
0.69188255	0.6742973	0.6829767	0.6903814	0.6863855	0.6883777
0.71955794	0.6137014	0.6624273	0.7339824	0.63527256	0.6810695
0.67526215	0.66116816	0.6681408	0.68003243	0.6777461	0.67888737
0.7246295	0.65022725	0.6854152	0.73405004	0.6683832	0.69967926
0.6986373	0.673119	0.6856408	0.69481194	0.68395966	0.6893431
0.70883274	0.6470291	0.6765224	0.72267234	0.6642976	0.6922565
0.7349194	0.66032654	0.69562906	0.73758996	0.67157507	0.70303625
0.60947776	0.5303821	0.5671857	0.6322048	0.56343365	0.5958414
0.7201938	0.70055544	0.71023893	0.71586174	0.70145124	0.70858324
0.70413345	0.653762	0.67801344	0.7085901	0.66561687	0.6864316
0.6875342	0.6340683	0.65971977	0.698399	0.6534877	0.6751973
0.69190377	0.68759465	0.6897425	0.6894384	0.7000894	0.69472307
0.7122203	0.69651574	0.7042805	0.7087512	0.70383453	0.7062843
0.74722457	0.5891264	0.65882355	0.7570279	0.60054475	0.6697677
0.64772505	0.5583235	0.5997107	0.6680648	0.58296806	0.6226222
0.7312174	0.61269146	0.6667277	0.7502262	0.63518745	0.6879307
0.6558463	0.66655445	0.661157	0.6455817	0.66195685	0.65366673
0.7056338	0.6746339	0.6897857	0.7041119	0.68796015	0.6959423
0.67877394	0.64484096	0.6613725	0.68416417	0.6611908	0.67248136
0.67793655	0.6547719	0.6661529	0.68153167	0.67187303	0.67666787
0.7396204	0.62969196	0.6802437	0.7524929	0.6455292	0.6949191
0.7140828	0.67682207	0.6949533	0.71918994	0.6891944	0.70387274
0.7031168	0.67210907	0.6872633	0.7101456	0.6851513	0.6974246
0.64202404	0.6022555	0.62150425	0.6527281	0.6211431	0.63654405
0.67616636	0.5391348	0.5999251	0.7019246	0.55722004	0.6212574
0.6886023	0.61117655	0.64758337	0.6989328	0.6327191	0.66417974
0.71188605	0.65628684	0.68295676	0.7154259	0.6637869	0.6886397
0.704242	0.70139706	0.70281667	0.70689726	0.70792013	0.70740837
0.729884	0.6886046	0.7086437	0.7223112	0.6911095	0.70636594
0.73594457	0.4649049	0.56983703	0.75205797	0.4860195	0.59045553
0.7044001	0.6305336	0.6654232	0.7157702	0.64786994	0.6801296
0.63939184	0.6300286	0.6346757	0.64706635	0.64676344	0.64691484
0.6760405	0.6069685	0.6396452	0.68455344	0.6259948	0.65396583
0.702407	0.702407	0.702407	0.70031834	0.7114951	0.70586246
0.7045626	0.62901866	0.664651	0.7135956	0.65382814	0.6824057
0.64865845	0.6022555	0.6245963	0.6698254	0.6317402	0.6502256
0.69641787	0.58576	0.6363138	0.7195091	0.6138656	0.6625023
0.657693	0.59215623	0.6232064	0.6710999	0.6120356	0.64020836
0.6772288	0.6367615	0.656372	0.6797893	0.64816785	0.6636021
0.6862474	0.66857433	0.67729557	0.69000983	0.68519384	0.6875934
0.6721047	0.63103855	0.65092456	0.6759243	0.650466	0.6629508
0.67742515	0.63591987	0.65601665	0.6779441	0.64557177	0.66136205
0.7296736	0.65106887	0.6881338	0.7402549	0.67000043	0.7033777
0.7083251	0.6029288	0.65139115	0.72838837	0.63148487	0.676484
0.7105405	0.6660495	0.687576	0.7020813	0.6589352	0.67982435
0.66629374	0.7017337	0.6835547	0.6605061	0.70421755	0.68166184
0.71407044	0.6381081	0.67395556	0.7268712	0.65838194	0.69093347
0.6897333	0.6660495	0.67768455	0.689959	0.6731923	0.68147254
0.68923897	0.56707627	0.62221813	0.71138275	0.5944589	0.6476862
0.72564685	0.64197946	0.6812539	0.733131	0.6579989	0.6935361
0.5659517	0.56404644	0.5649975	0.5646315	0.57424355	0.569397
0.7126033	0.6823767	0.6971625	0.69890815	0.6756182	0.68706584
0.70072865	0.6798519	0.69013244	0.69848883	0.69438654	0.69643164
0.6976098	0.6337317	0.6641383	0.7145902	0.65638167	0.68425024
0.6215672	0.5714526	0.5954573	0.6167958	0.57952076	0.5975776
0.7148768	0.668911	0.69113046	0.7134366	0.6742988	0.6933158
0.73384184	0.61538464	0.66941315	0.7499748	0.6326765	0.6863501
0.70552886	0.6916344	0.69851255	0.7064922	0.69608885	0.7012519
0.72484076	0.67042583	0.69657224	0.73245335	0.6848534	0.70785403
0.5051161	0.5234809	0.5141346	0.5032443	0.5314295	0.516953
0.67072123	0.65897995	0.6647988	0.67936724	0.67080903	0.67506105
0.6939261	0.6384447	0.66503024	0.6992966	0.65578586	0.6768427
0.72026396	0.698199	0.70905983	0.7113073	0.69259906	0.70182854
0.7228608	0.6668911	0.6937489	0.7281771	0.6791505	0.7028098
0.7614192	0.60326546	0.6731781	0.77037275	0.6095246	0.68057406
0.66629213	0.59888905	0.6307951	0.6868319	0.6262076	0.6551202
0.6879661	0.6832183	0.685584	0.68156683	0.68200195	0.68178433
0.72245467	0.6975257	0.70977134	0.72569823	0.7043878	0.7148842
0.71036845	0.697694	0.7039742	0.7118955	0.7098353	0.7108639
0.6916575	0.6335634	0.6613371	0.6967108	0.64906156	0.67204267
0.71219856	0.68103015	0.6962657	0.70347565	0.685662	0.6944546
0.6990533	0.7084666	0.7037285	0.7037499	0.7204324	0.71199346
0.6925852	0.58172023	0.63233006	0.71857196	0.6064604	0.65777326
0.675344	0.6113449	0.6417528	0.69584125	0.6401668	0.666844
0.7295386	0.6946642	0.71167445	0.7319335	0.6987275	0.71494514
0.7079084	0.7126746	0.7102835	0.70799696	0.7166447	0.7122946
0.7290334	0.6906245	0.70930934	0.73540473	0.69906795	0.71677613
0.7005765	0.6955058	0.6980319	0.7056674	0.6984296	0.7020298
0.722103	0.67968357	0.70025146	0.72646326	0.6840448	0.7046162
0.69976574	0.65359366	0.67589206	0.70761263	0.6685534	0.6875287
0.7042411	0.63726646	0.6690819	0.7070505	0.6470188	0.6757039
0.7050874	0.5972059	0.6466782	0.7250136	0.62454784	0.6710412
0.7301218	0.6862481	0.7075054	0.73644984	0.69391835	0.7145518
0.7357694	0.6744656	0.703785	0.7372827	0.6859174	0.7106731
0.66892415	0.58188856	0.62237823	0.67236453	0.6009703	0.63466597
0.72339284	0.6818717	0.7020189	0.7347278	0.6966421	0.71517825
0.6680505	0.6500589	0.6589319	0.6757799	0.6637869	0.6697297
0.7335582	0.65897995	0.69427204	0.73710155	0.66821295	0.7009688
0.68920565	0.66739607	0.67812556	0.68490314	0.6755756	0.6802074
0.6912924	0.67884195	0.6850106	0.6929079	0.6840022	0.68842626
0.65819156	0.61875105	0.6378622	0.6689989	0.6348044	0.65145326
0.6855117	0.6347416	0.6591505	0.6895603	0.6507639	0.6696006
0.7239209	0.67749536	0.69993913	0.72852963	0.68847084	0.707934
0.7334051	0.6880996	0.7100304	0.7378115	0.69557816	0.7160726
0.71668714	0.5884531	0.64627045	0.73780614	0.61029065	0.6680176
0.7223632	0.6709308	0.6956977	0.7211449	0.69162023	0.70607406
0.661195	0.67800033	0.66949224	0.66673446	0.69774866	0.68188906
0.7479831	0.6554452	0.6986633	0.75852776	0.67097926	0.7120726
0.70836234	0.68439656	0.69617325	0.7135058	0.7008129	0.70710236
0.7123236	0.63726646	0.6727079	0.72048116	0.652594	0.68485934
0.6896552	0.6497223	0.66909343	0.6996849	0.67097926	0.6850315
0.72638196	0.6613365	0.69233483	0.7317466	0.6764693	0.7030231
0.71367216	0.67126745	0.6918206	0.721606	0.69221604	0.70660555
0.72694063	0.66992086	0.697267	0.734088	0.6871941	0.7098675
0.64857376	0.66975254	0.65899307	0.6482959	0.6743414	0.6610622
0.72960097	0.6185827	0.66952085	0.7493817	0.6448057	0.6931717
0.71428573	0.6530887	0.6823178	0.7283928	0.6742988	0.7003028
0.6865672	0.6968524	0.69167155	0.67716634	0.70174915	0.6892386
0.6179162	0.59097797	0.60414696	0.6319021	0.6175682	0.6246529
0.7255626	0.6946642	0.7097773	0.72096086	0.69868493	0.70964813
0.7231799	0.60023564	0.65599704	0.73887914	0.6256118	0.67754424
0.717216	0.6886046	0.70261914	0.7220244	0.69885516	0.71025085
0.742223	0.6867531	0.71341145	0.7443977	0.69272673	0.7176333
0.67283845	0.6667228	0.66976666	0.66425824	0.66906416	0.66665256
0.7315267	0.6815351	0.7056466	0.74243385	0.6974082	0.719217
0.69610137	0.60107726	0.6451088	0.69504786	0.60867345	0.6489994
0.71298885	0.6874264	0.6999743	0.7174927	0.700515	0.7089022
0.7053239	0.6377714	0.66984886	0.714133	0.6539558	0.68272096
0.7274182	0.6886046	0.7074795	0.7376481	0.70719665	0.7221015
0.67672884	0.62262243	0.64854914	0.68605494	0.6440397	0.6643837
0.7058612	0.6608315	0.68260455	0.71316564	0.66970253	0.6907511
0.6760612	0.65409863	0.66489863	0.6870394	0.6783845	0.6826845
0.73428315	0.6939909	0.7135687	0.72940445	0.6963442	0.71249104
0.72324383	0.6620098	0.6912734	0.73640203	0.68221474	0.70827353
0.7157486	0.6823767	0.69866437	0.71663535	0.69723797	0.70680356
0.70965564	0.707625	0.70863885	0.7205714	0.72345406	0.72200984
0.6813979	0.62026596	0.6493964	0.6856465	0.639571	0.6618078
0.69364053	0.6333951	0.66215026	0.7038154	0.6555305	0.67881536
0.6912186	0.6902878	0.6907529	0.69504	0.6995361	0.69728076
0.6697905	0.6135331	0.6404287	0.69459146	0.64220965	0.6673743
0.73134065	0.70425856	0.71754414	0.7323541	0.7087288	0.72034776
0.6613898	0.5414913	0.59546506	0.6929061	0.5724135	0.6269227
0.69943523	0.6670594	0.6828638	0.71121246	0.68378943	0.6972314
0.75488204	0.6246423	0.68361425	0.7687335	0.6326339	0.6940748
0.72331864	0.6354149	0.67652327	0.74255514	0.6547644	0.69590193
0.6875	0.5869382	0.6332516	0.7097395	0.6122058	0.6573746
0.7167779	0.56017506	0.62887377	0.72302	0.57424355	0.6401006
0.73694927	0.6700892	0.7019307	0.74776536	0.68357664	0.7142317
0.7164049	0.6909611	0.703453	0.7234405	0.70481336	0.7140055
0.67949724	0.5823935	0.6272093	0.694639	0.6076946	0.6482646
0.65995723	0.6236324	0.64128083	0.65919787	0.62603736	0.6421898
0.5287648	0.52600574	0.52738166	0.5385232	0.54347366	0.5409871
0.69534373	0.64349437	0.66841507	0.70103186	0.6592331	0.67949027
0.7336937	0.6854065	0.70872855	0.7428687	0.7004724	0.7210479
0.7007835	0.707625	0.70418763	0.7059953	0.71966636	0.7127653
0.717145	0.63928634	0.6759811	0.7236724	0.65012556	0.68493026
0.66945106	0.5665713	0.6137296	0.6911641	0.5935651	0.6386574
0.72466093	0.68355495	0.703508	0.72802806	0.6973231	0.7123448
0.69946235	0.6569601	0.67754537	0.7044394	0.67463934	0.6892174
0.74070024	0.6837233	0.7110722	0.74713117	0.69825935	0.721869
0.7034947	0.6505639	0.67599475	0.7097039	0.6611057	0.6845434
0.7433696	0.65578187	0.6968342	0.76378524	0.6708516	0.7143084
0.7302501	0.68305	0.70586187	0.7416095	0.69966376	0.72002625
0.7096133	0.66099983	0.6844444	0.7164746	0.67463934	0.6949279
0.717488	0.67884195	0.69763017	0.7273575	0.69689745	0.71180177
0.73281723	0.653257	0.69075376	0.742532	0.6664681	0.7024469
0.7375566	0.6859115	0.71079713	0.75210273	0.70021707	0.7252331
0.674101	0.65628684	0.66507465	0.68321246	0.66544664	0.6742125
0.7325417	0.6956741	0.71363205	0.7331964	0.69868493	0.71552473
0.7155305	0.70493186	0.7101916	0.71650654	0.71400607	0.71525407
0.7061883	0.66268307	0.6837444	0.71973234	0.68208706	0.7004042
0.72970355	0.63390005	0.67843634	0.74805194	0.6496149	0.695367
0.7144068	0.70947653	0.71193314	0.7203488	0.71728307	0.71881264
0.6759378	0.6217809	0.6477293	0.69569033	0.6409754	0.667213
0.7180988	0.70190203	0.70990807	0.71800435	0.7043452	0.7111092
0.7218216	0.6402962	0.6786192	0.7346519	0.65442395	0.6922211
0.7319678	0.7037536	0.7175835	0.7372186	0.71494234	0.7259096
0.72151446	0.67682207	0.6984541	0.72808516	0.690003	0.70853275
0.64197767	0.5704427	0.6040998	0.66466355	0.597821	0.6294728
0.7258006	0.6714358	0.69756055	0.739905	0.6893646	0.71374124
0.65346533	0.5221343	0.58046407	0.6657341	0.54687834	0.60048133
0.71514744	0.71839756	0.7167688	0.7172839	0.7229008	0.7200814
0.7139215	0.7069517	0.7104195	0.71260214	0.70511127	0.7088369
0.7342937	0.6177411	0.6709937	0.75709033	0.63961357	0.69341147
0.6660146	0.63036525	0.6476998	0.68164647	0.6526365	0.6668261
0.63871604	0.65645516	0.6474641	0.64837176	0.67872494	0.6632012
0.70666224	0.71772426	0.71215034	0.7177352	0.72992295	0.7237778
0.6539766	0.58407676	0.61705345	0.67031986	0.60650295	0.63681656
0.70298123	0.6429894	0.6716483	0.721622	0.66800016	0.69377655
0.7068887	0.52162933	0.60029054	0.734605	0.5457718	0.6262636
0.7052034	0.6273355	0.6639943	0.7340015	0.64825296	0.68846756
0.7412336	0.69382256	0.7167449	0.7478992	0.70451546	0.72555935
0.73680407	0.6860798	0.7105378	0.74731964	0.7000894	0.72293395
0.7051994	0.70543677	0.7053181	0.71449673	0.7205175	0.7174945
0.72154397	0.6764854	0.6982886	0.73554015	0.69600374	0.715226
0.71125734	0.6551086	0.68202925	0.7318593	0.674767	0.7021545
0.7247723	0.68305	0.7032929	0.7367316	0.70183426	0.7188597
0.690084	0.7192392	0.70436	0.6900302	0.72902924	0.70899385
0.66978806	0.6862481	0.6779182	0.67630106	0.69906795	0.68749607
0.6160795	0.5739775	0.5942837	0.6285765	0.597438	0.61261183
0.73516834	0.6653762	0.6985333	0.74224836	0.6774908	0.7083927
0.721659	0.65897995	0.6888967	0.722123	0.67110693	0.6956809
0.712057	0.70678335	0.70941037	0.70945376	0.71413374	0.71178603
0.7195952	0.6941592	0.7066484	0.730595	0.71383584	0.7221182
0.7005854	0.68490154	0.69265467	0.71377206	0.7011959	0.7074281
0.7050099	0.7200808	0.71246564	0.7152948	0.7326467	0.72386676
0.6997223	0.7209224	0.7101641	0.7085984	0.73477465	0.72144914
0.7295231	0.6746339	0.7010057	0.7409636	0.6865983	0.7127457
0.6411183	0.5674129	0.60201806	0.6613215	0.59675705	0.6273826
0.72915936	0.6978623	0.7131676	0.72763956	0.69834447	0.7126911
0.70163053	0.7025753	0.7021026	0.71401507	0.72179425	0.7178836
0.6648023	0.5802054	0.6196297	0.67722875	0.60488576	0.6390163
0.7125802	0.673119	0.69228774	0.7249476	0.6911946	0.70766884
0.718529	0.6840599	0.70087093	0.7296851	0.69630164	0.7126026
0.710795	0.7148628	0.7128231	0.70813316	0.7151551	0.7116268
0.7321306	0.71721935	0.7245982	0.72660345	0.7140486	0.7202713
0.7190717	0.64669245	0.6809642	0.73984045	0.66710645	0.7015934
0.7269607	0.71301126	0.71991843	0.7249849	0.7147721	0.71984226
0.7492825	0.6152163	0.6756632	0.7628786	0.62710136	0.6883584
0.5965471	0.5990574	0.5977996	0.6141802	0.6193557	0.6167571
0.7087266	0.72041744	0.7145242	0.7196597	0.7343916	0.726951
0.71020555	0.65712845	0.6826368	0.71710825	0.67502236	0.69542915
0.7506357	0.6956741	0.72211057	0.7606181	0.7080478	0.7333921
0.72055346	0.6662178	0.6923211	0.7300077	0.6857045	0.7071629
0.6766697	0.6224541	0.64843065	0.68950915	0.64446527	0.6662267
0.69866765	0.644336	0.6704028	0.711748	0.6616164	0.68576723
0.7341201	0.7120013	0.72289157	0.74329334	0.725199	0.7341347
0.7225772	0.6852382	0.70341253	0.73265696	0.70072776	0.7163367
0.7157157	0.7221007	0.718894	0.72399443	0.73311484	0.7285261
0.7294415	0.6793469	0.70350355	0.7407677	0.69319487	0.7161921
0.7374912	0.7045952	0.72066796	0.7497555	0.7177512	0.73340434
0.7655515	0.49301463	0.5997748	0.79078156	0.503809	0.6154886
0.7327157	0.7189025	0.7257434	0.741026	0.7248159	0.7328313
0.72246695	0.71772426	0.7200878	0.7320005	0.7308167	0.7314081
0.7349952	0.6451776	0.68716383	0.73307884	0.6374856	0.68194854
0.7194308	0.6892779	0.70403165	0.72521955	0.7065157	0.71574545
0.74639714	0.67126745	0.7068415	0.75003576	0.6694046	0.70743006
0.73517925	0.69718903	0.71568036	0.74489886	0.7115802	0.7278584
0.70285237	0.7051002	0.7039745	0.71356934	0.7146019	0.7140852
0.7393365	0.6827133	0.70989764	0.7478309	0.68961996	0.71754676
0.73056275	0.6184144	0.6698268	0.75586456	0.6431459	0.69496435
0.6989753	0.7003871	0.6996805	0.71323216	0.7161765	0.7147013
0.59961516	0.57700723	0.588094	0.60083514	0.5817338	0.59113026
0.7137076	0.7125063	0.71310645	0.7315225	0.7312423	0.73138237
0.61890584	0.5598384	0.5878922	0.65169233	0.5834362	0.61567825
0.70556307	0.7002188	0.7028808	0.7195767	0.71770865	0.71864146
0.7163363	0.7056051	0.7109302	0.72245824	0.71643186	0.7194325
0.7203825	0.6847332	0.70210564	0.7360914	0.7049836	0.72020173
0.7139592	0.68355495	0.69842637	0.7319093	0.7072392	0.7193628
0.65479773	0.6593166	0.6570494	0.6561605	0.67246884	0.66421455
0.5987534	0.5174213	0.55512416	0.6204787	0.54389924	0.5796707
0.7468582	0.7002188	0.7227869	0.75766677	0.70868623	0.73235846
0.72897834	0.7194075	0.7241613	0.73983705	0.73426396	0.73704
0.72593355	0.7133479	0.7195857	0.72911525	0.71651703	0.7227612
0.7413051	0.69601077	0.71794426	0.75347143	0.7135804	0.7329836
0.73831284	0.70712	0.72237986	0.7423627	0.7156658	0.72876984
0.67016596	0.6662178	0.668186	0.6869399	0.68834317	0.68764085
0.7373827	0.7008921	0.7186745	0.7465592	0.7133251	0.72956383
0.69439363	0.7025753	0.6984605	0.71232533	0.7246031	0.7184118
0.7450593	0.69803065	0.72077864	0.75970435	0.7129846	0.7356034
0.74225324	0.6975257	0.7191947	0.75494915	0.70762223	0.73051995
0.6935709	0.6682377	0.68066865	0.7185123	0.69145	0.7047214
0.723981	0.6428211	0.6809914	0.7437627	0.6711495	0.7055929
0.6959124	0.68490154	0.6903631	0.71764094	0.70740944	0.7124885
0.6751387	0.6349099	0.65440667	0.7000502	0.6532749	0.67585415
0.68869	0.712338	0.7003144	0.6969373	0.72247523	0.70947653
0.7334513	0.6975257	0.7150375	0.75592947	0.71890026	0.73695004
0.70667106	0.7185659	0.7125689	0.7237643	0.7390731	0.73133856
0.7166433	0.68708974	0.7015554	0.7204898	0.69617397	0.7081232
0.71568114	0.6906245	0.7029296	0.7296517	0.7096225	0.71949774
0.7316612	0.7168827	0.72419655	0.74756354	0.7345193	0.740984
0.7335894	0.7072883	0.7201988	0.750033	0.72456056	0.7370768
0.7513823	0.66335636	0.7046308	0.76340514	0.67438394	0.71613866
0.68571925	0.66436625	0.6748739	0.69257903	0.6768098	0.68460363
0.7361671	0.6763171	0.7049741	0.7472487	0.6935353	0.7193908
0.7442297	0.6675644	0.70381546	0.76769596	0.68774736	0.72552586
0.72028834	0.68961453	0.70461774	0.7403979	0.70800525	0.72383934
0.7417717	0.7131796	0.7271947	0.7419626	0.71306974	0.7272293
0.6875848	0.6823767	0.68497086	0.70279074	0.6977061	0.7002392
0.7199929	0.67951524	0.6991687	0.73379546	0.6937907	0.7132326
0.74250275	0.6751389	0.7072203	0.7584383	0.6894923	0.7223238
0.7280448	0.6349099	0.67829525	0.74822485	0.6547644	0.6983817
0.69191563	0.66268307	0.6769839	0.6995257	0.6716602	0.6853098
0.75263953	0.67194074	0.71000445	0.7667554	0.6865132	0.724419
0.6970566	0.6138697	0.65282375	0.71085614	0.6275695	0.66662145
0.71321696	0.6258206	0.6666667	0.71779287	0.64331615	0.6785169
0.7391686	0.7093082	0.7239306	0.74883926	0.7207303	0.73451596
0.6666667	0.65982157	0.6632265	0.6804992	0.677661	0.6790771
0.7305998	0.72580373	0.7281939	0.73970425	0.73230624	0.73598665
0.7160347	0.70880324	0.7124006	0.72226745	0.71741074	0.7198309
0.7219858	0.6854065	0.7032208	0.73512596	0.70042986	0.7173586
0.69087523	0.6869214	0.68889266	0.70072716	0.7094948	0.7050837
0.7374497	0.70964485	0.72328013	0.74895823	0.71902794	0.733688
0.7014567	0.68894124	0.6951427	0.71818686	0.7140912	0.7161332
0.7292281	0.707625	0.71826416	0.7413455	0.72456056	0.7328569
0.7443595	0.67194074	0.70629865	0.7637123	0.69272673	0.7264896
0.7161386	0.6505639	0.6817781	0.7424663	0.6721284	0.7055486
0.645053	0.614543	0.6294285	0.66293335	0.6348044	0.64856404
0.69752854	0.6175728	0.6551201	0.72140634	0.6418266	0.67929375
0.727063	0.68961453	0.70784384	0.7417786	0.70749456	0.72423106
0.68152446	0.6923077	0.68687373	0.69953597	0.7185598	0.7089203
0.7305431	0.71099144	0.72063464	0.7359315	0.7168575	0.72626925
0.7185537	0.7125063	0.7155172	0.73493975	0.73209345	0.73351383
0.67354596	0.60427535	0.6370331	0.69374794	0.62761205	0.6590249
0.73524964	0.6544353	0.69249266	0.74690914	0.6659148	0.70409036
0.6554422	0.64871234	0.6520599	0.6829404	0.6780866	0.68050486
0.7274763	0.7108231	0.71905327	0.7451963	0.7278802	0.7364364
0.74540156	0.68894124	0.71606016	0.76568305	0.71009064	0.7368398
0.74206495	0.6847332	0.7122472	0.76636374	0.707069	0.7355233
0.6570573	0.59080964	0.622175	0.68830377	0.6241222	0.65464365
0.7462434	0.66874266	0.7053706	0.7585231	0.6732349	0.71333873
0.7327197	0.7101498	0.7212582	0.74626404	0.718347	0.73203945
0.7405483	0.6956741	0.71741015	0.7510478	0.7092395	0.7295452
0.7091923	0.7064467	0.70781684	0.71691364	0.71651703	0.7167153
0.7222021	0.67126745	0.6958039	0.74871	0.6977912	0.7223544
0.6568509	0.6382764	0.6474304	0.67864555	0.6678725	0.6732159
0.7557105	0.5290355	0.62237626	0.77699125	0.5372175	0.6352314
0.7213913	0.698199	0.7096057	0.7338244	0.70809036	0.72072774
0.67668533	0.6707625	0.6737109	0.70058674	0.69617397	0.6983734
0.7198032	0.66503954	0.6913386	0.72505635	0.67080903	0.6968786
0.7351476	0.6456826	0.6875168	0.7469094	0.65825427	0.6997851
0.7187722	0.6818717	0.6998359	0.72321266	0.67676723	0.6992195
0.6346215	0.668911	0.6513153	0.64851505	0.68676853	0.6670938
0.7716763	0.5842451	0.6650062	0.7943043	0.5911393	0.6778255
0.7207207	0.7271503	0.72392124	0.72937477	0.73030597	0.7298401
0.6975274	0.6315435	0.6628975	0.7220455	0.65680724	0.687883
0.72445256	0.6682377	0.6952106	0.7431307	0.68715155	0.71404564
0.69054	0.6069685	0.6460629	0.72187084	0.62663317	0.67088896
0.7219428	0.70055544	0.71108836	0.7410378	0.7196238	0.7301738
0.73342353	0.72984344	0.73162913	0.73744696	0.7319232	0.7346747
0.69484687	0.6377714	0.66508687	0.7238321	0.66336125	0.6922786
0.6296296	0.5637098	0.59484905	0.6662989	0.5911819	0.6264968
0.6996711	0.68035686	0.6898788	0.725992	0.7062178	0.71596843
0.7006167	0.6692476	0.684573	0.71930367	0.6963442	0.7076377
0.71344113	0.6906245	0.70184743	0.7385558	0.71821934	0.7282456
0.74847305	0.6806935	0.71297604	0.76386815	0.6962165	0.72847503
0.69118667	0.67059416	0.68073475	0.7147585	0.6985147	0.70654327
0.74764526	0.70812994	0.7273513	0.76796	0.7260927	0.74643975
0.6983108	0.69584244	0.6970745	0.712082	0.71511257	0.7135941
0.72962964	0.66318804	0.6948241	0.7550498	0.69042856	0.7212947
0.74072045	0.6818717	0.7100789	0.75555557	0.69745076	0.7253414
0.7160338	0.66975254	0.6921204	0.7212966	0.678044	0.69900185
0.79038566	0.47601414	0.59418005	0.80569404	0.47452867	0.5972788
0.7585157	0.6709308	0.71204	0.7812024	0.67634165	0.725
0.68962497	0.6623464	0.6757105	0.7152494	0.6858748	0.7002542
0.59721506	0.58475006	0.5909168	0.61929834	0.61075884	0.61499894
0.6609677	0.6507322	0.65581	0.6821241	0.67297953	0.67752093
0.7372971	0.70341694	0.71995866	0.75918955	0.72077286	0.7394826
0.74714935	0.6948325	0.7200419	0.76707304	0.71226114	0.73865163
0.7154797	0.6628514	0.6881608	0.743191	0.687492	0.7142573
0.6869629	0.63238513	0.65854514	0.6986686	0.65659446	0.6769784
0.71132916	0.6710991	0.69062877	0.7332287	0.69587606	0.71406424
0.7187986	0.7008921	0.7097324	0.732964	0.71502745	0.72388464
0.6626424	0.6559502	0.6592793	0.66885036	0.6734902	0.6711623
0.72591513	0.6709308	0.6973408	0.7468753	0.69681233	0.7209758
0.7043222	0.7241205	0.71408415	0.71378094	0.7307316	0.7221568
0.640641	0.63255346	0.6365715	0.64938754	0.65204066	0.6507114
0.7334312	0.6724457	0.70161575	0.75724673	0.70042986	0.727731
0.7094447	0.711833	0.71063685	0.73186773	0.7339235	0.7328942
0.74112695	0.62211746	0.67642754	0.77091974	0.6485083	0.70443565
0.6915406	0.6769904	0.6841881	0.7153237	0.6997063	0.7074288
0.7520646	0.68978286	0.71957856	0.7730877	0.7054092	0.73769945
0.75	0.67816865	0.7122779	0.7708097	0.69519514	0.7310524
0.7307489	0.69803065	0.7140151	0.753336	0.7231987	0.7379598
0.7383244	0.69718903	0.7171673	0.75997293	0.7175384	0.7381463
0.7183005	0.73135835	0.72477067	0.72119486	0.7336256	0.7273571
0.6721685	0.59636426	0.6320014	0.6897062	0.614504	0.649937
0.72716486	0.722269	0.7247087	0.7458055	0.741584	0.74368876
0.73070896	0.70611006	0.71819896	0.74972534	0.72605014	0.73769784
0.7351111	0.69601077	0.7150268	0.75865173	0.7174533	0.7374776
0.70452243	0.70274365	0.70363194	0.7244694	0.7249011	0.72468513
0.70804423	0.6355832	0.6698598	0.7149385	0.6458697	0.6786513
0.7555514	0.6758121	0.7134607	0.77845305	0.69774866	0.7358948
0.72462714	0.67059416	0.6965644	0.7479845	0.6988977	0.72260845
0.7359357	0.64736575	0.68881524	0.7636557	0.6717453	0.714758
0.75042063	0.6756438	0.7110717	0.76526284	0.6983019	0.7302506
0.73386514	0.6813668	0.7066422	0.75273716	0.69638675	0.72346634
0.6557598	0.6544353	0.6550969	0.6799422	0.68081033	0.680376
0.6728534	0.65292037	0.6627371	0.69401973	0.67417115	0.6839515
0.72850275	0.6887729	0.708081	0.7531802	0.7131123	0.7325988
0.74424696	0.6695843	0.7049442	0.7719821	0.69536537	0.7316735
0.7584738	0.6892779	0.7222222	0.78037953	0.71060133	0.7438576
0.73768955	0.66318804	0.6984577	0.7567656	0.68787503	0.72067773
0.7079489	0.6716041	0.68929774	0.7311445	0.69847214	0.714435
0.71310323	0.6815351	0.6969619	0.73954815	0.7076648	0.7232553
0.7388928	0.70543677	0.7217773	0.76054335	0.72911435	0.7444973
0.543675	0.49553946	0.5184924	0.5702374	0.5326212	0.5507878
0.74693197	0.6761488	0.70978004	0.75274104	0.6778738	0.7133484
0.73998135	0.6682377	0.70228195	0.76185334	0.6906839	0.7245251
0.6801441	0.69937724	0.6896266	0.69694114	0.72336894	0.70990914
0.714861	0.6275038	0.6683399	0.73436975	0.65135974	0.6903784
0.73197967	0.72816026	0.730065	0.73773205	0.738988	0.7383595
0.7483456	0.6852382	0.71540284	0.77284884	0.7132825	0.74187195
0.7205516	0.73001176	0.72525084	0.73584354	0.7460527	0.7409129
0.71177596	0.6887729	0.7000855	0.72969913	0.71323997	0.7213757
0.72943646	0.7015654	0.7152295	0.7381804	0.71166533	0.72468036
0.7482784	0.6950008	0.7206563	0.77465814	0.7233264	0.7481128
0.7399274	0.6862481	0.71207756	0.76051724	0.7108993	0.7348716
0.6381554	0.5613533	0.5972956	0.6674866	0.5889688	0.6257744
0.6808474	0.6653762	0.6730229	0.7033339	0.68953484	0.696366
0.72165835	0.70611006	0.71379954	0.73430705	0.71890026	0.726522
0.7334081	0.66032654	0.6949513	0.7542157	0.6814487	0.7159881
0.7009565	0.653762	0.6765372	0.72709584	0.68395966	0.70486844
0.73063	0.6793469	0.70405585	0.7555444	0.7075371	0.7307532
0.6980785	0.7032486	0.70065403	0.72097725	0.72843343	0.72468615
0.7443741	0.7126746	0.7281796	0.7657188	0.73805165	0.7516307
0.7208987	0.6264939	0.67038906	0.74465287	0.650466	0.6943801
0.70533025	0.67042583	0.68743527	0.7305778	0.6935779	0.71159726
0.7217391	0.726477	0.72410035	0.7355005	0.7404775	0.7379806
0.6883689	0.6833866	0.68586874	0.7176859	0.7122186	0.7149418
0.74234647	0.65712845	0.69714284	0.771537	0.6834064	0.72480255
0.73268867	0.7141895	0.72332084	0.7551927	0.7380942	0.74654555
0.71231365	0.6514055	0.6804994	0.73963785	0.6797038	0.70840544
0.73414767	0.6879313	0.7102885	0.7549024	0.7094097	0.73144937
0.72875756	0.668406	0.6972783	0.74727833	0.68357664	0.71400946
0.7309183	0.7301801	0.730549	0.7505546	0.7487339	0.74964315
0.73958135	0.6601582	0.6976165	0.76467764	0.67736304	0.71837693
0.74783236	0.6968524	0.7214429	0.7672288	0.7163893	0.740938
0.6459137	0.6199293	0.6326548	0.6592455	0.6351449	0.64697087
0.7317116	0.69870394	0.71482694	0.75206316	0.7213687	0.7363962
0.7369723	0.7022387	0.71918637	0.7621045	0.7268162	0.74404216
0.655706	0.62767214	0.6413829	0.6795875	0.65063626	0.6647968
0.6971163	0.6062952	0.64854157	0.7237971	0.6356982	0.6768931
0.70012915	0.63861305	0.6679577	0.73233336	0.66906416	0.69927055
0.74951863	0.7207541	0.734855	0.76482254	0.7383921	0.751375
0.7199654	0.7010604	0.7103872	0.74847966	0.72809297	0.7381456
0.7205627	0.6983673	0.7092914	0.72795177	0.7092395	0.7184738
0.7496241	0.67126745	0.7082852	0.7748551	0.68825805	0.7289939
0.61686367	0.58862144	0.6024117	0.6372838	0.61629146	0.6266118
0.710678	0.7057734	0.7082172	0.7244024	0.72745454	0.7259253
0.72947794	0.6985356	0.71367157	0.7546709	0.7237094	0.738866
0.71768767	0.7000505	0.70875937	0.7450061	0.73013574	0.73749596
