214536502 214536500 214536506 214577561 
214662742 214662742 214825110 214757390 214757407 214551617 
214716935 214774687 214832672 
214836765 214706482 
214701242 214826623 
214826835 214826715 
214838855 214838855 
214576500 214576500 214576500 
214821275 214821275 214821371 214821371 214821371 214717089 214563337 214706462 214717436 214743335 214826837 214819762 
214717867 214717867 
214836761 214684513 214836761 
214577732 214587013 214577732 
214826897 214820441 
214684093 214684093 214684093 
214561790 214561790 214611457 214611457 
214577732 214577732 
214838503 214838503 214838503 214838503 214838503 214548744 
214718203 214718203 214718203 214718203 
214837485 214837485 214837485 214837487 214837487 214821315 214586711 214821305 214821307 214844357 214821341 214821309 214551617 214551617 214612920 214837487 
214613743 214613743 214539110 214539110 
214827028 214827017 214537796 214840762 214707930 214707930 214585652 214536197 214536195 214646169 
214579288 214714790 214676070 214601407 
214532036 214700432 
214836789 214836789 214710804 
214537967 214537967 
214718246 214826835 
214835257 214835265 
214834865 214571188 214571188 214571188 214820225 214820225 214820225 214820225 214820225 214820225 214820225 214820225 214706441 214706441 214706441 214706441 
214652878 214716737 214652878 
214684721 214680356 
214551594 214586970 
214826769 214537967 
214819745 214819745 
214691587 214587915 
214821277 214821277 214821277 214821277 214821277 
214716932 214716932 214716932 214716932 214716932 214716932 
214712235 214581489 214602605 
214820441 214826897 214826702 214684513 214838100 214544357 214551626 214691484 
214545935 214819438 214839907 214835917 214836210 
214698491 214523692 
214695307 214695305 214538317 214677448 
214819468 214716977 214716977 214716977 214716977 214716939 
214544355 214601212 214601212 214601212 
214716982 214716984 
214844248 214844248 
214515834 214515830 
214717318 214717318 
214832557 214559660 214559660 214819520 214586540 
214587797 214835775 214844109 
214714794 214601407 214826619 214746427 214821300 214717562 214826927 214748334 214826908 214800262 
214709645 214709645 214709645 214709645 214709645 
214532072 214532070 
214827022 214840419 
214716984 214832657 
214662975 214537779 214840762 
214821277 214821277 214821277 
214748300 214748293 
214826955 214826606 214687642 
214832559 214832559 214832559 214821017 214821017 214572234 214826715 214826715 
214509135 214536853 214509133 214509135 214509135 214509135 214717877 214826615 214716982 
214819472 214687685 
214821285 214821285 214826801 214826801 
214826705 214826705 
214668590 214826872 
214652220 214840483 214840483 214717286 214558807 214821300 214826908 214826908 214826908 214554637 214819430 214819430 214826837 214826837 214820392 214820392 214586694 214819376 214553844 214601229 214555500 214695127 214819760 214717850 214718385 214743369 214743369 
214648475 214648340 214648438 214648455 214712936 214712887 214696149 214717097 214534352 214534352 214717097 
214560099 214560099 214560099 214832750 214560099 
214685621 214684093 214546097 214685623 
214819685 214839907 214839905 214811752 
214717007 214717003 214716928 
214820842 214819490 
214555869 214537185 
214840599 214835735 
214838100 214706216 
214829737 214821315 
214748293 214748293 
214712272 214820450 
214821380 214821380 
214826799 214827005 214718390 214718396 214826627 
214841060 214841060 
214687768 214706445 
214811752 214811754 
214594678 214594680 214594680 
214821369 214821369 214697771 214697512 214697413 214697409 214652409 214537127 214537127 214820237 214820237 214709645 214699213 214820237 214820237 214820237 214709645 214537127 
214554358 214716950 
214821275 214829741 
214829741 214820842 214821279 214703790 
214716954 214838366 
214821022 214820814 
214684721 214821369 214826833 214819472 
214821315 214821305 
214826702 214821275 
214717847 214819719 214748336 
214536440 214536437 
214512416 214512416 
214839313 214839313 214839313 
214826705 214826705 
214510044 214510044 214510044 214582387 214537535 214584812 214537535 214584810 
214600989 214704180 
214705693 214696824 214705682 214696817 214705691 214705693 214711710 214705691 214705691 214687539 214705687 214744796 214681648 214717307 214577750 214650382 214744796 214696817 214705682 214711710 
214821013 214821013 214572182 214572182 
214840762 214586983 
214820441 214826623 
214594633 214594592 214601010 214601010 214601015 214594592 214594592 
214821275 214827032 
214843370 214843370 214843370 
214595893 214595889 
214841060 214841060 214840378 214826955 214821275 214829285 
214826623 214826615 
214819719 214791688 214819472 
214826810 214826810 
214821377 214820201 
214587650 214535617 214535595 214587650 
214573312 214573312 214829257 214834987 
214826810 214840419 214840419 214560187 214716984 
214585397 214585397 
214821339 214844357 
214821020 214819547 214819547 214821024 214718160 214829282 
214551626 214821279 
214821022 214718169 214821024 214601233 214545500 214545455 214545440 214545455 
214820252 214582502 214836802 214672963 
214821020 214829282 
214684093 214684093 214684093 
214681104 214511092 
214706432 214708305 214587013 
214554358 214678916 
214837378 214828850 214828850 
214820942 214684093 
214839313 214840001 
214828867 214743497 214821392 
214674568 214645316 214536860 214639177 214820261 
214589518 214576665 
214709645 214820225 
214709792 214717046 
214532623 214557206 214826897 214826801 214576500 
214697690 214646349 214646250 
214685795 214630042 
214553735 214677969 214553735 214586874 214587937 214586874 214589600 
214840762 214575088 214550259 
214839373 214836765 214838100 
214717007 214716928 
214613865 214613865 214613870 
214716935 214716932 214716932 
214532070 214821285 214711333 214691604 
214565623 214557236 
214820387 214827035 
214535621 214535621 
214552243 214552464 
214820231 214820231 
214826837 214819430 
214826900 214826900 214664919 214826900 
214820456 214820456 
214827020 214821272 
214821367 214584808 214836761 214826893 214839849 
214835561 214835561 
214774685 214774685 214839997 214839313 214774685 
214826874 214826874 214821399 214826874 
214819552 214820938 214821380 
214826803 214826803 214826803 
214829282 214829282 
214687685 214556840 214601042 214691484 
214821397 214821397 214821397 214821397 
214821022 214819550 214826627 
214669730 214836281 
214821300 214690110 214753515 
214821277 214821277 
214540035 214577711 214708239 214517880 214577711 214578007 214819725 214819815 
214601462 214746386 
214708404 214708406 214725500 214839660 214833714 214714817 
214821290 214821290 214585395 214826700 214826700 214826801 214691366 214821377 214567410 214643657 214826608 214684513 214829312 214685795 214829312 214821298 
214821024 214587384 214718203 214832557 
214827022 214836341 
214652422 214567410 214567404 
214820192 214844297 214699301 
214717007 214717005 214717005 
214833802 214843382 214843385 214843387 214842420 214843477 214843955 214843950 214843494 214844310 214696802 214840599 
214833802 214820842 
214839313 214839313 214839995 
214716928 214717003 
214586711 214684160 
214539039 214539084 
214631008 214839995 214839313 
214829285 214826702 
214820938 214821037 
214826803 214821285 214826803 214820383 214826801 
214695345 214701302 214701287 214695386 214696352 
214820842 214840378 214705100 
214743341 214743341 214743341 214837820 214837764 214837762 214709685 214839257 214716341 214685152 214685152 214544945 214544936 
214744779 214743341 214744779 214820456 
214819385 214819378 214710090 214820938 214821022 
214540035 214819798 
214819811 214517880 
214839870 214839866 214705787 
214561991 214561991 214820938 
214745317 214745317 
214556270 214821339 214554384 214694139 
214586722 214826897 214681091 
214601233 214716932 214716930 214716932 
214820385 214820385 
214836958 214537826 214836958 214536577 214836958 214836958 214580790 214580790 214579749 214537856 214512152 214836960 214836960 214612760 
214819410 214700752 
214821275 214833800 
214706102 214800272 
214820402 214820400 
214607143 214640394 214607143 214640394 214607143 
214832557 214717888 
214839311 214820387 214819472 214819740 
214842446 214691602 214842446 214842446 214691600 214691597 214842446 214842442 214691604 
214819490 214828987 214684845 214826912 
214826998 214826998 214748334 214826934 
214821277 214821290 214821307 
214508942 214716982 214716984 214509013 214842290 214840762 214842287 214820441 
214561475 214532147 214539532 214511375 
214692791 214697990 214611283 
214684513 214684513 
214840541 214587508 214551581 
214826955 214826623 214827000 214811739 214650626 214650626 214827005 214834865 214577518 
214826816 214826705 214826816 214826705 214826816 
214839313 214602774 
214820182 214820192 214820182 214820225 214820237 
214510044 214582387 214510044 
214594637 214684513 214602821 214594637 
214826705 214826816 
214826801 214836761 214820255 
214602268 214602268 214602268 
214574777 214700992 214700990 
214826617 214826715 
214826900 214842577 
214576500 214839313 214820195 214709634 214699301 
214826955 214826955 
214545935 214820231 
214600625 214600625 214600625 
214821020 214821024 
214716935 214716932 214582950 
214676387 214676387 
214684513 214839373 214684513 214684513 
214717888 214838503 214685784 214684513 
214826705 214826705 214820383 214826803 214826803 214821285 214821285 214821285 214821285 
214510854 214510854 214672963 214510854 214702811 214510854 214537455 214510854 
214696434 214696434 214696434 
214582942 214582942 
214508942 214753659 
214717007 214838368 214716937 
214826912 214826912 214834865 214834865 
214820218 214547600 
214718169 214821024 
214594678 214594680 
214702740 214601441 214545967 
214640477 214640477 
214640477 214640477 
214821020 214820842 214826897 214535621 214821285 214821373 214821022 
214630042 214819502 
214512656 214512658 214512658 214694332 
214829737 214829737 214829737 214829737 214821309 
214712237 214704180 
214709792 214709792 
214640237 214640237 
214638480 214551570 214638480 
214709312 214664895 214587296 214664895 
214835760 214587785 214840599 214835760 214835585 214833802 214833800 214832730 214587800 214833802 214833802 214538030 214584939 
214838456 214508942 
214702702 214702704 
214706460 214706432 214821028 214821028 214539262 214821030 
214820240 214820240 
214684513 214691267 214691332 
214827062 214827062 
214717528 214717528 214594605 
214716947 214717010 214716975 214646308 
214601233 214601233 214833800 214833802 
214585100 214584808 214584808 214584808 214510738 
214748336 214748336 214819719 
214584920 214613743 214587384 214832557 214821017 214821017 214553936 
214821013 214829282 
214551285 214551287 214551285 
214826801 214826700 214840378 
214552498 214552625 214552625 
214534852 214534852 
214833800 214833800 
214748336 214819721 214601233 214819385 214819378 
214840378 214537037 
214684513 214684513 
214535705 214535705 
214820383 214820383 214841640 214691390 
214839313 214839313 
214602315 214554785 214698592 214698590 214698455 214698592 
214753515 214743369 214819721 214743495 214577450 214711657 214826872 214601233 214717890 
214691347 214691452 
214839812 214835422 214632367 214536367 214717003 
214546719 214678365 
214821290 214821290 
214839373 214539262 
214748285 214820218 
214717007 214717007 214716945 214554358 214717003 
214838977 214696434 
214594680 214594680 
214718160 214684513 
214539262 214820842 
214537775 214556840 214687685 
214572182 214821013 214587384 
214840412 214826212 214753693 214827015 214587028 214826619 214743335 214844357 214821307 214821341 214612721 214842450 
214826955 214716971 
214638480 214638480 214551594 214551594 
214600933 214600933 214835259 214835259 
214746427 214640017 214600989 214743515 214600989 
214589278 214589257 214718276 214587005 214591374 214819571 214586595 
214706441 214706441 
214638480 214638480 
214821307 214821309 214821339 
214551911 214564687 
214819781 214585644 214585644 214650609 214684498 214553540 214553540 214572538 214553540 214553540 214842412 214844030 214843993 214844030 214843492 214843492 214843492 214691537 214691332 
214826801 214651670 214744265 
214509084 214509084 
214839795 214523700 214839791 214708018 214517450 214714927 214712750 214712752 214840526 
214718203 214718203 214842352 214586983 214842347 
214748291 214748304 
214691484 214691396 214691321 214691426 214840822 
214835120 214835120 
214820345 214820385 214710090 214708370 
214596502 214596326 214596502 214596502 
214826810 214839373 
214738445 214738445 
214826810 214691426 
214821371 214821022 214821017 214832559 
214833782 214687742 214709807 214717757 214833782 214709807 214717730 214709807 214709807 214709807 
214546475 214546475 
214577518 214601407 
214748342 214584939 214748342 214748342 214748347 214748347 214748342 
214821022 214718169 214821022 214718169 214821015 
214748336 214826625 
214839313 214839313 
214826619 214821300 214826955 
214826705 214826816 214826705 214821290 214705757 
214509795 214539330 
214820441 214594590 
214687642 214748285 
214835647 214835645 
214829282 214821386 214708044 
214555142 214555140 
214684843 214743335 214819762 214819762 214819760 
214829282 214819547 214819547 214587384 214819552 214819552 
214821339 214551626 
214820814 214746339 214539262 
214744775 214769006 214842450 
214821367 214584808 214718197 
214552560 214552502 
214545980 214545962 
214839373 214684513 
214826810 214826623 214684841 214827007 
214826955 214820182 214820192 214820225 214709685 214829737 
214826955 214826623 214664919 214826625 214826799 214826891 214676580 214691390 214537037 214819745 
214718169 214821022 
214840412 214706124 
214838364 214838364 
214820385 214819526 
214832653 214832655 214832657 214832657 214717003 214717005 214716984 214717867 
214821015 214819547 
214708044 214648254 214832557 214648254 214832557 214648254 214648254 
214717410 214717410 
214837490 214837485 
214716930 214716982 214717003 
214835760 214839815 214587742 
214684093 214684093 214684093 214684093 
214839902 214820252 214644317 
214832557 214832559 214832559 214832557 214821020 214718169 214821022 214819552 214718203 214821017 214833802 214821030 
214581489 214602605 214680371 214581489 214680371 
214532072 214826801 214826627 214826715 214826627 214684513 214826627 214684513 214712126 
214835120 214839313 
214509084 214539845 214509084 214509084 214639211 214645835 214538002 214538002 
214587384 214832557 
214827052 214543545 
214717498 214821024 214567005 214567005 
214716924 214717614 
214833800 214833802 
214826810 214826705 214835940 
214839313 214827000 214826621 214826621 214826617 214826617 214821300 214821300 214826998 214826908 214826908 214821300 214827002 214753515 214826932 214826932 214662742 214698420 214574672 214554765 214690845 214716110 214819719 214819719 214717286 214819762 214819762 214819760 214819760 214826837 214826837 214826872 214826872 214826872 214826872 214826876 214826876 214837442 214821341 214753507 214748300 214548744 214548744 214537850 214717003 214691396 214670070 214832653 214716984 214832657 214840378 214668298 214639903 214629459 214629165 214629292 214629135 214629122 214629120 214629120 214629328 214629324 214544904 214544904 214676570 214676570 214676516 214696423 214696423 214668275 214639702 214676570 214676570 214629120 214629122 214629260 214629260 214629264 214629264 214629292 214629324 214629324 214638977 214638977 214819719 214835120 214629120 214744779 214744779 214744779 214820458 214820458 214744779 214826872 214826872 
214820415 214820415 
214586469 214696897 214712130 
214576946 214576946 
214826810 214820441 214829285 214820842 
214718220 214821022 214826810 214821275 214821022 
214820274 214820231 214584939 
214551624 214586561 
214512416 214587545 
214554510 214821028 214832559 214832557 
214691428 214691428 214691428 214691390 214691293 214836761 
214645835 214509084 214645835 
214832657 214717003 214554358 214717003 214717005 214717005 214717003 214832657 214717003 214717007 214717003 214716984 214717003 214582502 214672963 214582502 214587898 
214821819 214827015 214760897 214601407 214577518 214746427 214826955 
214820938 214556210 
214551626 214551626 
214684513 214716928 214832653 214716984 
214682135 214683298 214683300 214826705 214587167 
214714927 214523606 214714927 214517450 214714929 214518555 214639297 214639299 214516794 
214821275 214826627 214826893 214826612 
214819412 214716982 
214827020 214827020 214821272 214821272 214827020 214821272 214821272 214827020 214827020 
214706460 214821030 214706460 214701684 214701495 
214540035 214517880 
214826803 214826803 214821277 214821277 214821285 214826801 
214535102 214819528 214819528 
214829312 214774685 214837391 214828867 214700968 214700966 214678215 214652882 
214567410 214567410 
214819526 214819547 
214826606 214826606 214837020 214837003 214837014 214714597 214596105 
214547595 214539148 214678509 214644339 
214708372 214708372 214596647 214843464 214843464 214694334 214694334 214629060 214840899 214842459 214840901 214646709 214840899 214708372 214840944 214691550 214691550 214694402 214711903 214694334 214694334 214572688 214572729 214753588 214753588 214596647 214583190 214596647 214837558 214716088 214820237 214820225 214820225 
214711078 214711082 
214535621 214821313 
214708367 214820201 214829737 214709685 214536502 
214672963 214672845 214672946 214821290 214672946 
214826897 214826897 214833800 214833800 214833800 214833800 
214839313 214839997 214839997 214839995 
214826906 214819535 
214561500 214561502 
214532072 214826897 
214717003 214717007 214676364 214676332 214676362 
214573001 214573001 
214691349 214691349 214691471 214691242 
214712107 214711541 
214819419 214580814 
214587740 214587740 214587740 214587740 214536864 214664694 214821388 214612901 214536864 
214826623 214826623 214826623 214826623 
214748295 214748291 
214826619 214826932 214826932 
214641967 214718372 
214557043 214648387 214648389 
214744530 214744530 
214821290 214821292 
214821277 214821277 
214840901 214842440 214835120 
214839313 214839997 214839313 214840001 214839995 
214834991 214827020 
214579288 214668590 214826617 214677697 214680369 214821011 214534798 214716080 214832557 214746382 214745317 214745315 214651430 214586694 214832559 214572234 214572182 
214748336 214819721 214748336 214717247 214819385 
214819472 214839311 214839311 214534907 214584920 214583190 214826747 
214556563 214821277 214556563 
214821373 214821377 214821380 
214820441 214737337 
214832557 214832557 214832557 214832559 214832559 214832557 214832557 214821024 214821024 214821022 214821022 
214582415 214582408 214582408 214582415 214582415 
214601197 214840762 
214826623 214826623 
214837404 214837404 214837404 
214677883 214827020 214821272 
214601810 214536907 214601810 214601810 214601812 214613893 214508852 214826780 214826780 214601810 
214753507 214753507 214753507 214753507 214753507 214753507 214753507 
214533026 214533022 
214821390 214718203 214821015 214821022 214821015 214718203 214718203 
214829312 214829312 214613743 
214684372 214613915 214684372 214684372 214684372 
214833800 214843667 214838456 
214705792 214839313 
214839373 214839373 
214821017 214820454 214684513 214840378 214829737 214820240 214709685 214820182 214761890 214669781 214832552 214716748 
214840378 214557410 
214827007 214826925 214827000 214716710 214716707 214716710 214563133 214563133 214827005 214827007 214834865 214827000 214827000 214826925 214827007 214826925 214706441 214821309 214821309 214821339 214821309 214821309 
214637025 214636355 
214835447 214835447 
214827022 214827022 
214612695 214612695 214672963 214717003 
214684841 214684841 
214700610 214644960 
214820413 214826702 214839313 214821285 214821290 214826816 214585395 
214579730 214509013 
214537867 214738447 214579730 214509013 214596645 214509013 214596645 
214684513 214684513 
214672946 214821290 214672946 214510802 214510044 214672946 214510802 214672946 
214684093 214708372 214708372 214708372 214684093 
214821024 214664919 
214800264 214706150 
214582502 214836806 214840449 
214821030 214821298 214630042 
214821277 214839373 214839373 
214826705 214826835 214711087 214638973 214819745 214716986 214716932 
214584939 214584939 
214644650 214650617 214664820 214644650 214650617 
214821022 214821022 
214821024 214819427 214668249 214819427 214668249 214668249 214668249 214718160 214718160 214821397 
214827020 214706216 
214821290 214585395 214826705 
214716984 214832657 214716982 214716984 
214791688 214819385 214748336 214744779 
214743335 214748334 214753515 
214509135 214832557 214718160 
214744528 214744528 214717742 
214532072 214532070 
214710090 214710090 
214684513 214839373 214684513 
214819562 214819562 
214819550 214718169 214821022 214821017 214821024 214819552 214572234 214819550 
214839311 214843541 214843526 
214840425 214600567 
214587913 214586842 214587911 
214835000 214532955 214532945 
214826705 214826934 
214826700 214826801 
214820842 214821305 
214821300 214551626 
214652460 214652460 214564687 214564687 214557497 214557497 
214832552 214743339 214832552 
214820413 214536440 
214711661 214711682 
214717412 214717412 214701309 214701309 214718158 214572463 214748257 214748257 
214509135 214509135 
214587384 214561475 
214579288 214826615 
214819640 214819640 
214820814 214820814 
214683712 214683712 214701605 214701605 214682921 
214651567 214651571 
214603138 214827007 214601233 214714755 214690110 
214743339 214569707 
214684730 214684730 
214839999 214829310 
214829282 214819547 
214586983 214840762 
214820261 214820261 214820261 
214821272 214821272 214821272 214821272 214821272 214827030 214820842 214820842 214709634 214833800 214833800 
214585397 214839313 214843665 214585397 
214842461 214691430 214840944 214826833 214691484 214840318 
214826705 214821024 
214716932 214581427 214639149 214718117 214690845 214711952 214714732 214716932 214716930 214716935 214716930 214716932 214716930 214716930 214716932 214716930 214544327 214838833 214838833 214710294 214554510 214516033 214712270 214516033 214677440 214516031 214709597 214712017 
214579730 214579730 
214551917 214551917 214551913 214551917 214551917 214551917 214551917 214551917 214551917 214551917 214551917 214551917 
214551917 214551917 214551917 
214643045 214643045 214546102 214829312 214684115 214839997 214746386 214546121 
214820441 214839995 
214551917 214551917 
214832559 214819550 214819550 214821020 214587384 
214821377 214821377 
214717007 214716928 214832655 214716984 214832657 214832657 214717007 214832657 214832657 
214545836 214545825 
214841060 214841060 
214826810 214839373 214600535 214839866 214600532 214596388 214596386 
214685795 214577567 214640893 214640893 214587898 
214580377 214580377 
214585397 214553936 
214833802 214587785 
214837490 214837487 214837490 214838831 214821341 214586711 214640017 
214835578 214536392 214833800 214833800 
214826801 214826702 
214826803 214532072 214820383 
214539845 214539842 214539845 214539845 214587643 
214835120 214821277 
214839313 214839995 214839999 214840001 214839997 214839313 
214532070 214820415 214820255 
214820842 214706441 
214684115 214833800 214833802 214587650 214535617 214535589 
214838100 214691267 214833802 214833800 214836761 
214601672 214601670 
214687867 214586720 214539527 
214827030 214827030 214711205 
214826803 214820383 
214828697 214828865 214587163 214701307 214644731 214687899 214644731 214696824 214696824 214644731 
214826606 214554350 214828697 214828697 214828697 214828697 
214718220 214819547 214718220 
214826705 214826705 214826816 214826810 214532070 
214532072 214839313 214839313 214839995 214839995 214839999 214839999 214839313 214636517 214565512 214565512 
214821390 214819552 214712272 
214664919 214664919 
214642625 214642625 214643893 214746365 214829741 
214718385 214601233 214819378 214819380 
214717007 214717007 
214820441 214820441 
214602605 214712235 
214708305 214839313 214839995 214839313 214586795 
214586711 214687642 214586711 214586711 
214839313 214839313 214717241 214717241 214717241 
214821277 214821277 
214832655 214832657 214716932 
214644956 214532036 
214685784 214840573 214532072 214685784 214840573 214532072 214685784 214840573 214532072 
214639903 214629165 
214694330 214694330 
214717331 214826810 214839373 214546102 214829312 214821272 
214535621 214820259 
214718216 214712107 
214820456 214699213 214706441 
214711297 214589632 214589634 214589627 214589632 214826750 
214716982 214717003 214717003 
214695073 214695071 214695073 214695069 214717406 214695069 214717406 214695069 
214523690 214692821 214508244 214508244 214508244 214526000 214526000 214507387 
214839313 214839313 214839313 
214587013 214832557 214717888 214832559 
214712323 214552080 214552080 214552117 214552125 
214718203 214821390 
214821392 214820454 214820812 214708044 
214819430 214819430 214819430 214819430 214717522 214609325 214609325 214826912 214684845 
214826608 214826608 214826801 214826801 
214718216 214748285 214718216 214718216 214748285 214718216 214826810 
214839313 214839313 214582391 
214820190 214820190 214820190 214820190 214820190 214820190 214820190 214820190 214820186 214711087 214711082 214711082 214711087 214711087 214711318 214684734 214820190 214820186 214820186 214820186 214820190 214820190 214820190 214711087 214819406 214718396 214684730 214684730 214820190 214684730 214820190 214711087 214711078 214711078 214684730 214711078 214711087 214711408 214820190 214684730 214718398 
214753505 214753505 
214744530 214744530 
214748345 214748342 214748345 214553745 214553743 
214591427 214821279 214829737 
214702852 214699884 
214533020 214821339 214821339 
214539845 214744530 214744530 214744530 214744530 214744530 214744530 214744530 214744530 214744530 214744530 
214676400 214546991 214551667 214579462 214552492 
214587384 214551665 214551667 214546991 214603145 214514640 214514640 214579464 214552535 214579464 
214826810 214833800 214826801 
214821277 214821277 
214748336 214748336 
214716990 214716990 
214821305 214821341 
214552080 214552117 
214533553 214819378 214819378 214839311 214839311 214839311 
214826801 214826801 
214826810 214716935 214716930 
214839851 214839808 214844132 214838460 
214826955 214826955 214826623 214826623 214826955 214826955 214826955 214819406 214711087 
214826955 214826955 214826623 214826623 214826627 214826955 
214826623 214826955 
214677399 214677403 214639841 214668285 214544925 
214561475 214567005 214558258 214581793 214581915 
214574145 214574145 
214744530 214601201 214538747 
214821377 214821380 214820814 214838366 
214821037 214704292 
214717867 214717003 
214838100 214838100 
214537417 214672835 
214545928 214545928 
214840599 214839695 
214685795 214709634 
214821367 214832672 214821367 214821367 
214585670 214585670 214585670 214585670 
214561477 214821037 214711661 214567404 214567410 
214821022 214821022 
214829737 214829737 
214530502 214530502 214695167 
214640415 214640415 
214698465 214698465 214698465 214698465 
214826891 214826955 
214687685 214840412 214826212 214642016 
214546121 214546102 
214826715 214718255 
214827032 214827032 214717003 214717003 214716984 214832657 
214594652 214537993 214594652 
214820392 214832559 
214550383 214581815 
214827020 214821272 
214601197 214601197 
214820415 214686086 214645179 214546121 214702787 214702787 
214573108 214573108 
214587384 214718203 
214829312 214829312 
214821388 214821388 
214638480 214551594 
214820252 214717312 214820252 
214821275 214746386 214601462 214746386 214601462 214587028 214717331 
214829737 214829737 
214826816 214826816 214826608 214826608 214821277 214821290 214821290 214826801 214691426 214664919 214664919 214687685 214536502 214826747 214712107 214838503 
214601233 214612730 
214839313 214839313 214839313 214839313 
214819427 214821024 
214820814 214658867 
214832653 214840762 
214667912 214584920 214826747 
214826803 214826803 214826803 214691390 214691293 214539193 214821388 214821388 214539193 214826722 214538820 214589606 214538820 214538820 
214697925 214697925 214697925 214697925 
214711682 214544492 
214546031 214546031 
214819775 214819775 
214746395 214832559 
214820233 214820227 214584907 
214839313 214839313 214839313 
214532072 214532072 214532070 
214717095 214717095 
214826803 214821285 214826897 214826801 
214601040 214601040 214601040 214601042 
214702907 214718158 214701309 
214832655 214832655 214716984 214717007 
214645618 214574777 
214532070 214684385 214552089 
214716971 214716941 
214716930 214716930 214716930 214716935 214832653 214832655 214832653 214832653 
214748336 214821377 
214718220 214821017 
214709685 214709685 214820240 214820240 214706441 214706441 
214748265 214549346 214553578 214553578 214549346 214708035 214708035 214821309 214821309 214551617 214821309 214821309 
214821037 214539262 214539262 
214586825 214613638 
214821373 214821373 214821373 214748287 214821373 214821373 214821373 214821373 214577302 214577302 214642560 214642560 
214843395 214839643 
214702702 214601424 
214827020 214827020 214821272 214821272 214821272 214821272 214827030 214827030 
214826955 214574777 
214820441 214586692 214829741 214820842 214820842 
214826925 214826925 214826925 214826837 214826837 
214582952 214582952 
214572182 214572234 214821017 214819547 214821015 214718167 214821020 214819550 
214644320 214644320 
214511334 214821343 214511334 214821343 214800266 214511334 
214841006 214841006 
214826705 214826705 214826705 
214837487 214837490 214837483 214837485 214717007 
214718246 214711290 
214596502 214596326 
214826906 214826906 214826906 214826955 214826955 214826627 214826627 214800262 214709741 214709741 214819738 214819738 214819738 
214826627 214826955 
214716982 214716928 214826927 
214826803 214839373 
214821377 214821373 
214586711 214716982 214716967 214717001 
214716973 214716926 
214580094 214596107 214580094 214596107 214596326 214596114 
214839995 214840001 214839995 
214821277 214821277 214826810 214709685 214706441 214706441 214709735 
214748334 214717562 
214531372 214531365 214531365 
214833800 214833802 214587650 214833802 214826925 214826619 
214710159 214691188 214688668 214541548 
214586912 214586912 
214710360 214710328 214678457 214678526 214692611 214697310 214587193 214697885 214537050 214697203 214697312 214697325 214697325 214697364 214646520 214844357 214821341 
214586923 214630042 214556840 214826619 
214829285 214829285 
214819385 214717247 214709996 
214743515 214580413 
214716928 214716973 
214826705 214835940 
214840378 214840378 214839909 
214826619 214826619 
214636505 214829679 214664767 214601805 214539845 214829679 214539845 
214702751 214712342 
214829255 214829252 
214710075 214829257 214710075 214710075 
214594678 214594680 214594678 
214508287 214571904 214545879 
214717860 214580413 214652270 214580413 
214826801 214556840 
214545928 214545928 214545928 214545928 214545928 
214545928 214545928 214545928 214545928 214545928 214545928 214545928 
214829312 214829312 
214835900 214838462 
214826705 214826705 214585397 
214587384 214829737 
214821300 214753515 214821307 
214710309 214691557 214691557 214691557 214840342 214843479 214691351 214843517 214843517 214840952 214840952 214690768 214843980 214843980 214843905 214843905 214840828 214840828 214843970 214843920 214843920 214843378 214843378 214691422 214840760 
214738445 214738445 214537867 214511402 
214821392 214820383 
214826702 214586923 
214821275 214601462 214546121 214686086 
214601460 214601462 
214826955 214826623 
214701819 214701819 
214548418 214548418 214826705 
214826810 214826810 214826627 214826835 214718246 214711290 214695412 214711087 214819410 214826606 
214510044 214672963 
214840483 214840483 214840483 214840483 214840483 214840483 
214826893 214572234 
214601407 214826621 214556025 214675890 214564380 214826617 
214601805 214601805 
214718160 214821022 214819547 214561475 
214821339 214821309 
214691293 214691390 
214716935 214716986 
214716935 214716984 
214821020 214819552 214819552 214684115 214546102 214840419 214827030 214746386 214746386 214829312 214706216 214601462 214746386 
214718276 214591515 
214717222 214717100 214702552 214661962 
214821013 214547668 214674568 214547668 
214531007 214538317 214714586 214707967 214695309 
214819719 214821022 
214821024 214718160 214718220 214832559 214699888 
214827009 214820225 
214821022 214821024 
214826900 214826904 214717410 
214826897 214826897 
214832557 214832559 214819552 214821024 
214531862 214531862 
214553636 214553636 
214586711 214821313 214821305 214821341 214821315 214672963 
214546277 214708151 214588830 
214545935 214545935 214716982 214716982 214826878 
214531862 214531862 
214839313 214677701 214704182 
214595893 214838923 
214826953 214832559 214717888 214836761 
214539845 214539832 
214829741 214551892 214551892 214551892 
214538278 214552543 214552494 214552490 214552545 214514709 214552562 214552524 214514709 214552524 214552517 214552625 214552517 214552498 214552494 214552490 214552498 214552517 
214826835 214826955 214684734 214684734 214711087 214820184 
214821024 214829285 
214586711 214821309 214551617 214551617 214584962 
214828987 214828987 214558192 214558192 214826912 214826912 214826912 214826912 
214534704 214687685 
214613743 214586610 
214718216 214827020 214702877 
214716984 214716937 214832657 214716965 214716965 
214820227 214820261 214584907 214820261 
214821037 214820456 214576500 
214538477 214707977 214538467 214826917 
214826625 214826900 214554277 
214685820 214819410 214819410 
214536697 214586983 214586983 214586983 
214821020 214821020 
214842281 214842268 214842380 214840760 
214574147 214580302 214680422 
214840378 214839313 
214744779 214748287 214744528 214706171 214744528 214717880 214717880 214706102 214819721 214819721 214717847 214712130 214819430 214819430 214820402 214601233 214556345 214826932 214800268 214587163 214690747 214576890 214576890 214826619 214826619 214819382 214748336 
214512431 214509084 214601805 
214609370 214609370 
214601805 214539845 214601805 214664767 214829679 
214836448 214601407 
214698581 214698577 214698581 214698577 214698581 214698577 214698581 214698581 
214839371 214684513 214684513 
214718169 214821015 
214586923 214826627 
214826816 214826705 214826705 214826816 214536962 
214821024 214718160 
214826803 214716924 
214509830 214510738 214509830 
214682717 214682717 
214821305 214821305 214826837 214826837 214551626 214551626 
214535621 214536320 214535621 214535621 214535621 
214820240 214712402 214826927 214712402 
214551617 214612920 
214509082 214645835 
214612695 214702787 214840382 214587898 214714597 214840378 214676010 214651556 214651552 214651610 214677285 214652407 214651582 214639592 214638566 214591680 214668534 214638566 214638958 214651582 214652960 214544840 214545005 214544840 214545032 214717070 214544355 214545005 214600989 
214691390 214691428 
214826816 214826816 
214712235 214581489 
214843492 214691587 
214709634 214826810 
214821020 214718160 
214826705 214826810 214532070 214819490 
214686086 214746386 
214838308 214711805 
214582387 214535621 214820842 
214551617 214612721 214586711 214586711 214821305 214821309 214551630 214821302 214533026 214533026 
214832550 214832550 214832550 214832550 214832550 214832550 214832550 214832550 
214821339 214821339 214821315 
214826955 214826955 214826955 214826835 
214839313 214839313 
214587384 214587028 
214551913 214551913 
214540635 214540635 
214683960 214546059 214546059 
214819721 214819745 
214646608 214576950 214821315 214821305 214586711 214612723 214612723 214827062 
214691390 214691293 
214829130 214547608 214829130 214829068 214829130 214829068 214539405 214829068 214712544 214712544 214712537 214712544 214712544 214829130 214829291 
214551890 214551890 214551890 
214557755 214630016 214573241 214557755 
214556840 214820842 214716461 
214821017 214826702 214826897 
214691426 214691267 214826893 
214717507 214826829 214819468 214716937 214716939 214550366 214791682 214711322 214669899 214669790 214595994 214712681 214712844 214826833 214709666 214581551 214712137 214696997 214819762 214743335 214602802 214819719 214554431 214668270 214707883 214717003 214819468 214716937 
214839905 214819685 214702749 214839902 214839902 
214702839 214702839 214702839 
214701242 214826816 214826705 214826700 
214639305 214509084 214537967 
214840415 214821307 214774682 
214539206 214589711 
214819550 214718167 214819550 214821015 
214575311 214638624 214820317 214575311 214552610 214552580 214716958 214716960 214530369 214642982 214578645 214836142 214682289 
214826955 214826955 
214744530 214821309 214744530 214560170 
214821305 214821305 
214826816 214826955 
214509084 214582387 
214539845 214639305 214639303 214512431 214826780 214829679 214601805 214539845 
214833800 214833802 214587650 214835585 214833802 
214687685 214840412 214840419 214840419 214840417 214840417 214840417 
214609442 214712488 214842298 214842300 214712488 
214586595 214586595 
214836761 214836761 214836761 214836761 214587864 214587864 214550863 214550863 214536317 214536317 214587864 
214691426 214826625 214826799 
214532070 214532072 
214820842 214685795 214826803 
214821022 214821024 214718160 
214820413 214703790 214613743 
214826608 214826705 
214826801 214826801 214826627 214687685 214826837 214826908 214717286 214826872 214826619 214826619 214826998 214826998 214680716 214667921 214820400 214601233 214716667 214819376 214819562 214819562 
214821024 214821017 214821024 
214829312 214829312 214826705 
214826835 214826810 
214842450 214842450 
214725508 214725508 214725508 214725508 214725508 214820231 
214832557 214717888 
214696556 214580372 
214819562 214819562 
214819721 214819721 214717247 214717247 214725532 214725532 214717247 
214832559 214674487 214712107 214712107 214838503 214508942 214540963 214546110 
214826927 214698420 
214716924 214716924 
214842450 214840775 
214832557 214832557 
214559672 214705119 214821024 214829282 
214826801 214826799 
214821300 214753515 214690110 214744775 
214826606 214826799 
214584920 214819552 214819547 214819552 
214705659 214560077 214560077 214644716 214705659 214717738 214531517 214644716 
214819777 214826750 
214837890 214820233 214828867 
214840378 214820814 214587935 214587935 214587898 214644915 214835255 214587898 214712062 
214678526 214678526 214678526 214678526 214678526 214678526 214678526 214678526 
214821028 214718220 214832559 214832557 
214695540 214695540 
214639335 214639342 214639333 214639348 214639346 
214715111 214651065 
214703906 214687982 214821373 214821373 214821377 214821373 214821373 
214548885 214709792 214746339 
214711297 214585395 214826835 214819745 214827015 214586711 214821339 214821341 214821315 
214820199 214676019 
214821386 214821386 
214696434 214602240 214700623 
214601233 214601233 214821017 214821017 214601233 
214509013 214509000 214696434 
214587384 214587384 214711661 214711661 214567410 214556210 214556210 
214826829 214826889 
214602605 214581489 214712235 
214696631 214696631 
214821277 214826955 214821277 
214820814 214820814 
214827030 214717331 
214594678 214594678 214594678 214587613 214594678 
214688668 214691117 214691117 
214587446 214640415 
214819721 214836761 
214717005 214717007 
214832559 214821017 214819552 214572234 214699888 214691390 214691426 214691428 214821279 214716935 214716932 
214821313 214537496 214717331 
214677493 214677457 
214556822 214508563 214838045 214725551 
214826705 214826705 
214712126 214674487 
214555005 214668122 
214717003 214717003 
214832559 214718203 
214821037 214821037 
214535006 214535038 214535006 214535038 214840762 214840762 
214602821 214594644 214684513 214684513 214839373 214613902 214613685 214613900 214613895 214613904 214838996 214839000 214838992 214596206 214835308 
214838503 214838503 
214826908 214826908 214820392 214820392 214674487 214826908 214821300 214821300 214694156 214676962 214819374 214826617 214556025 214564380 214554765 214640017 214716902 214651423 214709666 214695285 214819382 214582948 214555262 214640017 214820392 214820392 
214820231 214820231 
214586983 214586983 214840762 214840762 214840762 
214585395 214833800 214839834 
214540597 214540597 
214821022 214718160 214820942 
214602583 214833789 214572230 
214820441 214821309 214551626 214551617 214510044 214600502 214820439 214836748 214836782 214717325 
214821022 214718169 
214714903 214718304 214714603 
214558192 214827007 214834865 214826925 214827000 
214826715 214826606 214826606 214826606 214826606 
214826700 214826623 
214716932 214716932 214716973 214716971 214716937 214716973 214716973 
214826897 214691587 
214532072 214821285 214821275 214840762 214584907 
214826829 214826627 214821279 
214836388 214744779 
214826617 214826612 214826615 214717877 214826621 214586711 214821307 214821341 
214704180 214704180 
214840762 214586983 214840762 214508942 214695326 214538201 
214706432 214668596 214554131 214820218 214551930 214583852 214551930 214557270 214551930 214557270 214840558 214564687 214583852 
214819599 214532072 
214544820 214544846 214544846 
214826705 214826897 214585652 
214557581 214557581 214587390 214725551 
214774685 214827020 
214512416 214537972 
214718160 214821037 
214717003 214716937 
214551892 214652462 214551892 
214821277 214820231 214820231 214821277 214821277 
214819719 214819719 
214534736 214534736 214534736 214534736 214534736 214534736 214712113 214696980 214717089 214717089 
214836332 214836431 214836427 
214717005 214716984 214832653 214832657 214716986 214716984 
214587384 214832557 
214509752 214509752 
214826615 214826615 214826615 214554982 214826621 214826621 214826619 214826619 214826619 214826617 214826617 214826617 214826617 214826621 214826621 214640017 214826837 
214829017 214658156 214539362 214543592 214828948 214829055 214829015 214829023 214829017 214829010 214828957 214828955 214828946 214828944 214828935 214828922 214828914 214828910 214828899 214828897 214543513 214828895 
214821292 214826799 
214562021 214562021 
214840415 214840417 214840412 214642031 
214821024 214826608 214826608 214826801 
214827022 214582387 214691484 214843916 214842433 214842410 214843980 214843903 214840877 214691415 214691338 214691336 214582387 214820246 
214532072 214532070 214826810 214532072 
214555537 214718203 214555537 
214587898 214587898 
214826803 214711297 214826801 
214820450 214508942 214718272 214508942 214718270 214600132 214600134 214600132 214600132 214600132 214600132 214600132 
214580094 214557530 
214826953 214819526 
214686086 214686086 214686086 214685795 
214826810 214539845 214829679 214636505 214601805 214826780 214536868 214539825 
214702828 214702826 214702824 214702826 
214601040 214717003 214717003 214716984 
214601042 214601040 
214718409 214537899 
214602579 214601668 214613645 214841006 
214821272 214508563 
214601040 214601042 214601040 214717007 
214717003 214716984 214819408 
214826705 214826816 214826705 
