activation 0 1 100 relu 1 10 1 1
activation 0 1 100 relu 1 12 1 1
activation 0 1 100 relu 1 16 1 1
activation 0 1 100 relu 1 18 1 1
activation 0 1 100 relu 1 20 1 1
activation 0 1 100 relu 1 24 1 1
activation 0 1 100 relu 1 30 1 1
activation 0 1 100 relu 1 4 1 1
activation 0 1 100 relu 1 40 1 1
activation 0 1 100 relu 1 48 1 1
activation 0 1 100 relu 1 6 1 1
activation 0 1 100 relu 1 7 1 1
activation 0 1 100 relu 1 8 1 1
activation 0 1 100 relu 1 80 1 1
activation 0 1 100 relu6 1 108 56 56
activation 0 1 100 relu6 1 1152 7 7
activation 0 1 100 relu6 1 120 28 28
activation 0 1 100 relu6 1 120 56 56
activation 0 1 100 relu6 1 128 28 28
activation 0 1 100 relu6 1 1280 7 7
activation 0 1 100 relu6 1 144 14 14
activation 0 1 100 relu6 1 144 28 28
activation 0 1 100 relu6 1 144 56 56
activation 0 1 100 relu6 1 150 56 56
activation 0 1 100 relu6 1 16 112 112
activation 0 1 100 relu6 1 160 28 28
activation 0 1 100 relu6 1 180 56 56
activation 0 1 100 relu6 1 192 14 14
activation 0 1 100 relu6 1 192 28 28
activation 0 1 100 relu6 1 1920 7 7
activation 0 1 100 relu6 1 200 28 28
activation 0 1 100 relu6 1 216 14 14
activation 0 1 100 relu6 1 240 14 14
activation 0 1 100 relu6 1 240 28 28
activation 0 1 100 relu6 1 256 14 14
activation 0 1 100 relu6 1 288 14 14
activation 0 1 100 relu6 1 32 112 112
activation 0 1 100 relu6 1 320 14 14
activation 0 1 100 relu6 1 360 14 14
activation 0 1 100 relu6 1 360 7 7
activation 0 1 100 relu6 1 384 14 14
activation 0 1 100 relu6 1 400 14 14
activation 0 1 100 relu6 1 432 14 14
activation 0 1 100 relu6 1 48 112 112
activation 0 1 100 relu6 1 480 14 14
activation 0 1 100 relu6 1 480 7 7
activation 0 1 100 relu6 1 54 56 56
activation 0 1 100 relu6 1 576 14 14
activation 0 1 100 relu6 1 576 7 7
activation 0 1 100 relu6 1 600 14 14
activation 0 1 100 relu6 1 600 7 7
activation 0 1 100 relu6 1 64 112 112
activation 0 1 100 relu6 1 640 7 7
activation 0 1 100 relu6 1 72 28 28
activation 0 1 100 relu6 1 72 56 56
activation 0 1 100 relu6 1 720 14 14
activation 0 1 100 relu6 1 720 7 7
activation 0 1 100 relu6 1 768 7 7
activation 0 1 100 relu6 1 80 112 112
activation 0 1 100 relu6 1 800 7 7
activation 0 1 100 relu6 1 90 56 56
activation 0 1 100 relu6 1 96 112 112
activation 0 1 100 relu6 1 96 28 28
activation 0 1 100 relu6 1 96 56 56
activation 0 1 100 relu6 1 960 7 7
activation 0 1 100 relu6 108 28 28
activation 0 1 100 relu6 108 56 56
activation 0 1 100 relu6 1152 7 7
activation 0 1 100 relu6 120 14 14
activation 0 1 100 relu6 120 28 28
activation 0 1 100 relu6 120 56 56
activation 0 1 100 relu6 128 14 14
activation 0 1 100 relu6 128 28 28
activation 0 1 100 relu6 144 14 14
activation 0 1 100 relu6 144 28 28
activation 0 1 100 relu6 144 56 56
activation 0 1 100 relu6 150 28 28
activation 0 1 100 relu6 150 56 56
activation 0 1 100 relu6 16 112 112
activation 0 1 100 relu6 160 14 14
activation 0 1 100 relu6 160 28 28
activation 0 1 100 relu6 180 28 28
activation 0 1 100 relu6 180 56 56
activation 0 1 100 relu6 192 14 14
activation 0 1 100 relu6 192 28 28
activation 0 1 100 relu6 1920 7 7
activation 0 1 100 relu6 200 14 14
activation 0 1 100 relu6 200 28 28
activation 0 1 100 relu6 216 14 14
activation 0 1 100 relu6 216 7 7
activation 0 1 100 relu6 240 14 14
activation 0 1 100 relu6 240 28 28
activation 0 1 100 relu6 256 14 14
activation 0 1 100 relu6 288 14 14
activation 0 1 100 relu6 288 7 7
activation 0 1 100 relu6 32 112 112
activation 0 1 100 relu6 320 14 14
activation 0 1 100 relu6 360 14 14
activation 0 1 100 relu6 360 7 7
activation 0 1 100 relu6 384 14 14
activation 0 1 100 relu6 384 7 7
activation 0 1 100 relu6 400 14 14
activation 0 1 100 relu6 432 14 14
activation 0 1 100 relu6 432 7 7
activation 0 1 100 relu6 48 56 56
activation 0 1 100 relu6 480 14 14
activation 0 1 100 relu6 480 7 7
activation 0 1 100 relu6 54 28 28
activation 0 1 100 relu6 54 56 56
activation 0 1 100 relu6 576 14 14
activation 0 1 100 relu6 576 7 7
activation 0 1 100 relu6 600 14 14
activation 0 1 100 relu6 600 7 7
activation 0 1 100 relu6 64 56 56
activation 0 1 100 relu6 640 7 7
activation 0 1 100 relu6 72 14 14
activation 0 1 100 relu6 72 28 28
activation 0 1 100 relu6 72 56 56
activation 0 1 100 relu6 720 14 14
activation 0 1 100 relu6 720 7 7
activation 0 1 100 relu6 768 7 7
activation 0 1 100 relu6 80 56 56
activation 0 1 100 relu6 800 7 7
activation 0 1 100 relu6 90 28 28
activation 0 1 100 relu6 90 56 56
activation 0 1 100 relu6 96 14 14
activation 0 1 100 relu6 96 28 28
activation 0 1 100 relu6 96 56 56
activation 0 1 100 relu6 960 7 7
activation 0 1 100 sigmoid 1 120 1 1
activation 0 1 100 sigmoid 1 16 1 1
activation 0 1 100 sigmoid 1 160 1 1
activation 0 1 100 sigmoid 1 18 1 1
activation 0 1 100 sigmoid 1 192 1 1
activation 0 1 100 sigmoid 1 24 1 1
activation 0 1 100 sigmoid 1 30 1 1
activation 0 1 100 sigmoid 1 32 1 1
activation 0 1 100 sigmoid 1 320 1 1
activation 0 1 100 sigmoid 1 40 1 1
activation 0 1 100 sigmoid 1 48 1 1
activation 0 1 100 sigmoid 1 64 1 1
activation 0 1 100 sigmoid 1 72 1 1
activation 0 1 100 sigmoid 1 80 1 1
activation 0 1 100 sigmoid 1 96 1 1
conv 0 1 100 0 0 1 108 28 28 24 1 1 0 1 1
conv 0 1 100 0 0 1 108 28 28 32 1 1 0 1 1
conv 0 1 100 0 0 1 108 28 28 40 1 1 0 1 1
conv 0 1 100 0 0 1 108 56 56 108 108 3 1 1 1
conv 0 1 100 0 0 1 108 56 56 108 108 3 1 2 1
conv 0 1 100 0 0 1 108 56 56 108 108 5 2 1 1
conv 0 1 100 0 0 1 108 56 56 108 108 5 2 2 1
conv 0 1 100 0 0 1 108 56 56 18 1 1 0 1 1
conv 0 1 100 0 0 1 108 56 56 24 1 1 0 1 1
conv 0 1 100 0 0 1 108 56 56 30 1 1 0 1 1
conv 0 1 100 0 0 1 1152 7 7 1152 1152 3 1 1 1
conv 0 1 100 0 0 1 1152 7 7 1152 1152 5 2 1 1
conv 0 1 100 0 0 1 1152 7 7 120 1 1 0 1 1
conv 0 1 100 0 0 1 1152 7 7 160 1 1 0 1 1
conv 0 1 100 0 0 1 1152 7 7 192 1 1 0 1 1
conv 0 1 100 0 0 1 1152 7 7 320 1 1 0 1 1
conv 0 1 100 0 0 1 120 14 14 360 1 1 0 1 1
conv 0 1 100 0 0 1 120 14 14 48 1 1 0 1 1
conv 0 1 100 0 0 1 120 14 14 480 1 1 0 1 1
conv 0 1 100 0 0 1 120 14 14 600 1 1 0 1 1
conv 0 1 100 0 0 1 120 14 14 64 1 1 0 1 1
conv 0 1 100 0 0 1 120 14 14 720 1 1 0 1 1
conv 0 1 100 0 0 1 120 14 14 80 1 1 0 1 1
conv 0 1 100 0 0 1 120 28 28 120 120 3 1 1 1
conv 0 1 100 0 0 1 120 28 28 120 120 3 1 2 1
conv 0 1 100 0 0 1 120 28 28 120 120 5 2 1 1
conv 0 1 100 0 0 1 120 28 28 120 120 5 2 2 1
conv 0 1 100 0 0 1 120 28 28 24 1 1 0 1 1
conv 0 1 100 0 0 1 120 28 28 32 1 1 0 1 1
conv 0 1 100 0 0 1 120 28 28 40 1 1 0 1 1
conv 0 1 100 0 0 1 120 56 56 120 120 3 1 1 1
conv 0 1 100 0 0 1 120 56 56 120 120 3 1 2 1
conv 0 1 100 0 0 1 120 56 56 120 120 5 2 1 1
conv 0 1 100 0 0 1 120 56 56 120 120 5 2 2 1
conv 0 1 100 0 0 1 120 56 56 18 1 1 0 1 1
conv 0 1 100 0 0 1 120 56 56 24 1 1 0 1 1
conv 0 1 100 0 0 1 120 56 56 30 1 1 0 1 1
conv 0 1 100 0 0 1 120 7 7 360 1 1 0 1 1
conv 0 1 100 0 0 1 120 7 7 480 1 1 0 1 1
conv 0 1 100 0 0 1 120 7 7 600 1 1 0 1 1
conv 0 1 100 0 0 1 120 7 7 720 1 1 0 1 1
conv 0 1 100 0 0 1 128 14 14 48 1 1 0 1 1
conv 0 1 100 0 0 1 128 14 14 64 1 1 0 1 1
conv 0 1 100 0 0 1 128 14 14 80 1 1 0 1 1
conv 0 1 100 0 0 1 128 28 28 128 128 3 1 1 1
conv 0 1 100 0 0 1 128 28 28 128 128 3 1 2 1
conv 0 1 100 0 0 1 128 28 28 128 128 5 2 1 1
conv 0 1 100 0 0 1 128 28 28 128 128 5 2 2 1
conv 0 1 100 0 0 1 128 28 28 24 1 1 0 1 1
conv 0 1 100 0 0 1 128 28 28 32 1 1 0 1 1
conv 0 1 100 0 0 1 128 28 28 40 1 1 0 1 1
conv 0 1 100 0 0 1 144 14 14 120 1 1 0 1 1
conv 0 1 100 0 0 1 144 14 14 144 144 3 1 1 1
conv 0 1 100 0 0 1 144 14 14 144 144 5 2 1 1
conv 0 1 100 0 0 1 144 14 14 48 1 1 0 1 1
conv 0 1 100 0 0 1 144 14 14 64 1 1 0 1 1
conv 0 1 100 0 0 1 144 14 14 72 1 1 0 1 1
conv 0 1 100 0 0 1 144 14 14 80 1 1 0 1 1
conv 0 1 100 0 0 1 144 14 14 96 1 1 0 1 1
conv 0 1 100 0 0 1 144 28 28 144 144 3 1 1 1
conv 0 1 100 0 0 1 144 28 28 144 144 3 1 2 1
conv 0 1 100 0 0 1 144 28 28 144 144 5 2 1 1
conv 0 1 100 0 0 1 144 28 28 144 144 5 2 2 1
conv 0 1 100 0 0 1 144 28 28 24 1 1 0 1 1
conv 0 1 100 0 0 1 144 28 28 32 1 1 0 1 1
conv 0 1 100 0 0 1 144 28 28 40 1 1 0 1 1
conv 0 1 100 0 0 1 144 56 56 144 144 3 1 1 1
conv 0 1 100 0 0 1 144 56 56 144 144 3 1 2 1
conv 0 1 100 0 0 1 144 56 56 144 144 5 2 1 1
conv 0 1 100 0 0 1 144 56 56 144 144 5 2 2 1
conv 0 1 100 0 0 1 144 56 56 18 1 1 0 1 1
conv 0 1 100 0 0 1 144 56 56 24 1 1 0 1 1
conv 0 1 100 0 0 1 144 56 56 30 1 1 0 1 1
conv 0 1 100 0 0 1 150 28 28 24 1 1 0 1 1
conv 0 1 100 0 0 1 150 28 28 32 1 1 0 1 1
conv 0 1 100 0 0 1 150 28 28 40 1 1 0 1 1
conv 0 1 100 0 0 1 150 56 56 150 150 3 1 1 1
conv 0 1 100 0 0 1 150 56 56 150 150 3 1 2 1
conv 0 1 100 0 0 1 150 56 56 150 150 5 2 1 1
conv 0 1 100 0 0 1 150 56 56 150 150 5 2 2 1
conv 0 1 100 0 0 1 150 56 56 18 1 1 0 1 1
conv 0 1 100 0 0 1 150 56 56 24 1 1 0 1 1
conv 0 1 100 0 0 1 150 56 56 30 1 1 0 1 1
conv 0 1 100 0 0 1 16 112 112 16 1 1 0 1 1
conv 0 1 100 0 0 1 16 112 112 16 16 3 1 1 1
conv 0 1 100 0 0 1 16 112 112 48 1 1 0 1 1
conv 0 1 100 0 0 1 16 112 112 64 1 1 0 1 1
conv 0 1 100 0 0 1 16 112 112 80 1 1 0 1 1
conv 0 1 100 0 0 1 16 112 112 96 1 1 0 1 1
conv 0 1 100 0 0 1 160 14 14 48 1 1 0 1 1
conv 0 1 100 0 0 1 160 14 14 64 1 1 0 1 1
conv 0 1 100 0 0 1 160 14 14 80 1 1 0 1 1
conv 0 1 100 0 0 1 160 28 28 160 160 3 1 1 1
conv 0 1 100 0 0 1 160 28 28 160 160 3 1 2 1
conv 0 1 100 0 0 1 160 28 28 160 160 5 2 1 1
conv 0 1 100 0 0 1 160 28 28 160 160 5 2 2 1
conv 0 1 100 0 0 1 160 28 28 24 1 1 0 1 1
conv 0 1 100 0 0 1 160 28 28 32 1 1 0 1 1
conv 0 1 100 0 0 1 160 28 28 40 1 1 0 1 1
conv 0 1 100 0 0 1 160 7 7 480 1 1 0 1 1
conv 0 1 100 0 0 1 160 7 7 640 1 1 0 1 1
conv 0 1 100 0 0 1 160 7 7 800 1 1 0 1 1
conv 0 1 100 0 0 1 160 7 7 960 1 1 0 1 1
conv 0 1 100 0 0 1 18 56 56 108 1 1 0 1 1
conv 0 1 100 0 0 1 18 56 56 54 1 1 0 1 1
conv 0 1 100 0 0 1 18 56 56 72 1 1 0 1 1
conv 0 1 100 0 0 1 18 56 56 90 1 1 0 1 1
conv 0 1 100 0 0 1 180 28 28 24 1 1 0 1 1
conv 0 1 100 0 0 1 180 28 28 32 1 1 0 1 1
conv 0 1 100 0 0 1 180 28 28 40 1 1 0 1 1
conv 0 1 100 0 0 1 180 56 56 18 1 1 0 1 1
conv 0 1 100 0 0 1 180 56 56 180 180 3 1 1 1
conv 0 1 100 0 0 1 180 56 56 180 180 3 1 2 1
conv 0 1 100 0 0 1 180 56 56 180 180 5 2 1 1
conv 0 1 100 0 0 1 180 56 56 180 180 5 2 2 1
conv 0 1 100 0 0 1 180 56 56 24 1 1 0 1 1
conv 0 1 100 0 0 1 180 56 56 30 1 1 0 1 1
conv 0 1 100 0 0 1 192 14 14 120 1 1 0 1 1
conv 0 1 100 0 0 1 192 14 14 192 192 3 1 1 1
conv 0 1 100 0 0 1 192 14 14 192 192 5 2 1 1
conv 0 1 100 0 0 1 192 14 14 48 1 1 0 1 1
conv 0 1 100 0 0 1 192 14 14 64 1 1 0 1 1
conv 0 1 100 0 0 1 192 14 14 72 1 1 0 1 1
conv 0 1 100 0 0 1 192 14 14 80 1 1 0 1 1
conv 0 1 100 0 0 1 192 14 14 96 1 1 0 1 1
conv 0 1 100 0 0 1 192 28 28 192 192 3 1 1 1
conv 0 1 100 0 0 1 192 28 28 192 192 3 1 2 1
conv 0 1 100 0 0 1 192 28 28 192 192 5 2 1 1
conv 0 1 100 0 0 1 192 28 28 192 192 5 2 2 1
conv 0 1 100 0 0 1 192 28 28 24 1 1 0 1 1
conv 0 1 100 0 0 1 192 28 28 32 1 1 0 1 1
conv 0 1 100 0 0 1 192 28 28 40 1 1 0 1 1
conv 0 1 100 0 0 1 192 7 7 1152 1 1 0 1 1
conv 0 1 100 0 0 1 192 7 7 576 1 1 0 1 1
conv 0 1 100 0 0 1 192 7 7 768 1 1 0 1 1
conv 0 1 100 0 0 1 192 7 7 960 1 1 0 1 1
conv 0 1 100 0 0 1 1920 7 7 1920 1920 3 1 1 1
conv 0 1 100 0 0 1 1920 7 7 320 1 1 0 1 1
conv 0 1 100 0 0 1 200 14 14 48 1 1 0 1 1
conv 0 1 100 0 0 1 200 14 14 64 1 1 0 1 1
conv 0 1 100 0 0 1 200 14 14 80 1 1 0 1 1
conv 0 1 100 0 0 1 200 28 28 200 200 3 1 1 1
conv 0 1 100 0 0 1 200 28 28 200 200 3 1 2 1
conv 0 1 100 0 0 1 200 28 28 200 200 5 2 1 1
conv 0 1 100 0 0 1 200 28 28 200 200 5 2 2 1
conv 0 1 100 0 0 1 200 28 28 24 1 1 0 1 1
conv 0 1 100 0 0 1 200 28 28 32 1 1 0 1 1
conv 0 1 100 0 0 1 200 28 28 40 1 1 0 1 1
conv 0 1 100 0 0 1 216 14 14 120 1 1 0 1 1
conv 0 1 100 0 0 1 216 14 14 216 216 3 1 1 1
conv 0 1 100 0 0 1 216 14 14 216 216 3 1 2 1
conv 0 1 100 0 0 1 216 14 14 216 216 5 2 1 1
conv 0 1 100 0 0 1 216 14 14 216 216 5 2 2 1
conv 0 1 100 0 0 1 216 14 14 72 1 1 0 1 1
conv 0 1 100 0 0 1 216 14 14 96 1 1 0 1 1
conv 0 1 100 0 0 1 216 7 7 120 1 1 0 1 1
conv 0 1 100 0 0 1 216 7 7 160 1 1 0 1 1
conv 0 1 100 0 0 1 216 7 7 192 1 1 0 1 1
conv 0 1 100 0 0 1 24 28 28 120 1 1 0 1 1
conv 0 1 100 0 0 1 24 28 28 144 1 1 0 1 1
conv 0 1 100 0 0 1 24 28 28 72 1 1 0 1 1
conv 0 1 100 0 0 1 24 28 28 96 1 1 0 1 1
conv 0 1 100 0 0 1 24 56 56 120 1 1 0 1 1
conv 0 1 100 0 0 1 24 56 56 144 1 1 0 1 1
conv 0 1 100 0 0 1 24 56 56 72 1 1 0 1 1
conv 0 1 100 0 0 1 24 56 56 96 1 1 0 1 1
conv 0 1 100 0 0 1 240 14 14 120 1 1 0 1 1
conv 0 1 100 0 0 1 240 14 14 240 240 3 1 1 1
conv 0 1 100 0 0 1 240 14 14 240 240 5 2 1 1
conv 0 1 100 0 0 1 240 14 14 48 1 1 0 1 1
conv 0 1 100 0 0 1 240 14 14 64 1 1 0 1 1
conv 0 1 100 0 0 1 240 14 14 72 1 1 0 1 1
conv 0 1 100 0 0 1 240 14 14 80 1 1 0 1 1
conv 0 1 100 0 0 1 240 14 14 96 1 1 0 1 1
conv 0 1 100 0 0 1 240 28 28 24 1 1 0 1 1
conv 0 1 100 0 0 1 240 28 28 240 240 3 1 1 1
conv 0 1 100 0 0 1 240 28 28 240 240 3 1 2 1
conv 0 1 100 0 0 1 240 28 28 240 240 5 2 1 1
conv 0 1 100 0 0 1 240 28 28 240 240 5 2 2 1
conv 0 1 100 0 0 1 240 28 28 32 1 1 0 1 1
conv 0 1 100 0 0 1 240 28 28 40 1 1 0 1 1
conv 0 1 100 0 0 1 256 14 14 120 1 1 0 1 1
conv 0 1 100 0 0 1 256 14 14 256 256 3 1 1 1
conv 0 1 100 0 0 1 256 14 14 256 256 5 2 1 1
conv 0 1 100 0 0 1 256 14 14 48 1 1 0 1 1
conv 0 1 100 0 0 1 256 14 14 64 1 1 0 1 1
conv 0 1 100 0 0 1 256 14 14 72 1 1 0 1 1
conv 0 1 100 0 0 1 256 14 14 80 1 1 0 1 1
conv 0 1 100 0 0 1 256 14 14 96 1 1 0 1 1
conv 0 1 100 0 0 1 288 14 14 120 1 1 0 1 1
conv 0 1 100 0 0 1 288 14 14 288 288 3 1 1 1
conv 0 1 100 0 0 1 288 14 14 288 288 3 1 2 1
conv 0 1 100 0 0 1 288 14 14 288 288 5 2 1 1
conv 0 1 100 0 0 1 288 14 14 288 288 5 2 2 1
conv 0 1 100 0 0 1 288 14 14 48 1 1 0 1 1
conv 0 1 100 0 0 1 288 14 14 64 1 1 0 1 1
conv 0 1 100 0 0 1 288 14 14 72 1 1 0 1 1
conv 0 1 100 0 0 1 288 14 14 80 1 1 0 1 1
conv 0 1 100 0 0 1 288 14 14 96 1 1 0 1 1
conv 0 1 100 0 0 1 288 7 7 120 1 1 0 1 1
conv 0 1 100 0 0 1 288 7 7 160 1 1 0 1 1
conv 0 1 100 0 0 1 288 7 7 192 1 1 0 1 1
conv 0 1 100 0 0 1 3 224 224 32 1 3 1 2 1
conv 0 1 100 0 0 1 30 56 56 120 1 1 0 1 1
conv 0 1 100 0 0 1 30 56 56 150 1 1 0 1 1
conv 0 1 100 0 0 1 30 56 56 180 1 1 0 1 1
conv 0 1 100 0 0 1 30 56 56 90 1 1 0 1 1
conv 0 1 100 0 0 1 32 112 112 16 1 1 0 1 1
conv 0 1 100 0 0 1 32 112 112 32 1 1 0 1 1
conv 0 1 100 0 0 1 32 112 112 32 32 3 1 1 1
conv 0 1 100 0 0 1 32 28 28 128 1 1 0 1 1
conv 0 1 100 0 0 1 32 28 28 160 1 1 0 1 1
conv 0 1 100 0 0 1 32 28 28 192 1 1 0 1 1
conv 0 1 100 0 0 1 32 28 28 96 1 1 0 1 1
conv 0 1 100 0 0 1 320 14 14 120 1 1 0 1 1
conv 0 1 100 0 0 1 320 14 14 320 320 3 1 1 1
conv 0 1 100 0 0 1 320 14 14 320 320 5 2 1 1
conv 0 1 100 0 0 1 320 14 14 48 1 1 0 1 1
conv 0 1 100 0 0 1 320 14 14 64 1 1 0 1 1
conv 0 1 100 0 0 1 320 14 14 72 1 1 0 1 1
conv 0 1 100 0 0 1 320 14 14 80 1 1 0 1 1
conv 0 1 100 0 0 1 320 14 14 96 1 1 0 1 1
conv 0 1 100 0 0 1 320 7 7 1280 1 1 0 1 1
conv 0 1 100 0 0 1 320 7 7 1920 1 1 0 1 1
conv 0 1 100 0 0 1 360 14 14 120 1 1 0 1 1
conv 0 1 100 0 0 1 360 14 14 360 360 3 1 1 1
conv 0 1 100 0 0 1 360 14 14 360 360 3 1 2 1
conv 0 1 100 0 0 1 360 14 14 360 360 5 2 1 1
conv 0 1 100 0 0 1 360 14 14 360 360 5 2 2 1
conv 0 1 100 0 0 1 360 14 14 72 1 1 0 1 1
conv 0 1 100 0 0 1 360 14 14 96 1 1 0 1 1
conv 0 1 100 0 0 1 360 7 7 120 1 1 0 1 1
conv 0 1 100 0 0 1 360 7 7 160 1 1 0 1 1
conv 0 1 100 0 0 1 360 7 7 192 1 1 0 1 1
conv 0 1 100 0 0 1 360 7 7 360 360 3 1 1 1
conv 0 1 100 0 0 1 360 7 7 360 360 5 2 1 1
conv 0 1 100 0 0 1 384 14 14 120 1 1 0 1 1
conv 0 1 100 0 0 1 384 14 14 384 384 3 1 1 1
conv 0 1 100 0 0 1 384 14 14 384 384 3 1 2 1
conv 0 1 100 0 0 1 384 14 14 384 384 5 2 1 1
conv 0 1 100 0 0 1 384 14 14 384 384 5 2 2 1
conv 0 1 100 0 0 1 384 14 14 48 1 1 0 1 1
conv 0 1 100 0 0 1 384 14 14 64 1 1 0 1 1
conv 0 1 100 0 0 1 384 14 14 72 1 1 0 1 1
conv 0 1 100 0 0 1 384 14 14 80 1 1 0 1 1
conv 0 1 100 0 0 1 384 14 14 96 1 1 0 1 1
conv 0 1 100 0 0 1 384 7 7 120 1 1 0 1 1
conv 0 1 100 0 0 1 384 7 7 160 1 1 0 1 1
conv 0 1 100 0 0 1 384 7 7 192 1 1 0 1 1
conv 0 1 100 0 0 1 40 28 28 120 1 1 0 1 1
conv 0 1 100 0 0 1 40 28 28 160 1 1 0 1 1
conv 0 1 100 0 0 1 40 28 28 200 1 1 0 1 1
conv 0 1 100 0 0 1 40 28 28 240 1 1 0 1 1
conv 0 1 100 0 0 1 400 14 14 120 1 1 0 1 1
conv 0 1 100 0 0 1 400 14 14 400 400 3 1 1 1
conv 0 1 100 0 0 1 400 14 14 400 400 5 2 1 1
conv 0 1 100 0 0 1 400 14 14 48 1 1 0 1 1
conv 0 1 100 0 0 1 400 14 14 64 1 1 0 1 1
conv 0 1 100 0 0 1 400 14 14 72 1 1 0 1 1
conv 0 1 100 0 0 1 400 14 14 80 1 1 0 1 1
conv 0 1 100 0 0 1 400 14 14 96 1 1 0 1 1
conv 0 1 100 0 0 1 432 14 14 120 1 1 0 1 1
conv 0 1 100 0 0 1 432 14 14 432 432 3 1 1 1
conv 0 1 100 0 0 1 432 14 14 432 432 3 1 2 1
conv 0 1 100 0 0 1 432 14 14 432 432 5 2 1 1
conv 0 1 100 0 0 1 432 14 14 432 432 5 2 2 1
conv 0 1 100 0 0 1 432 14 14 72 1 1 0 1 1
conv 0 1 100 0 0 1 432 14 14 96 1 1 0 1 1
conv 0 1 100 0 0 1 432 7 7 120 1 1 0 1 1
conv 0 1 100 0 0 1 432 7 7 160 1 1 0 1 1
conv 0 1 100 0 0 1 432 7 7 192 1 1 0 1 1
conv 0 1 100 0 0 1 48 112 112 48 48 3 1 2 1
conv 0 1 100 0 0 1 48 112 112 48 48 5 2 2 1
conv 0 1 100 0 0 1 48 14 14 144 1 1 0 1 1
conv 0 1 100 0 0 1 48 14 14 192 1 1 0 1 1
conv 0 1 100 0 0 1 48 14 14 240 1 1 0 1 1
conv 0 1 100 0 0 1 48 14 14 288 1 1 0 1 1
conv 0 1 100 0 0 1 48 56 56 18 1 1 0 1 1
conv 0 1 100 0 0 1 48 56 56 24 1 1 0 1 1
conv 0 1 100 0 0 1 48 56 56 30 1 1 0 1 1
conv 0 1 100 0 0 1 480 14 14 120 1 1 0 1 1
conv 0 1 100 0 0 1 480 14 14 48 1 1 0 1 1
conv 0 1 100 0 0 1 480 14 14 480 480 3 1 1 1
conv 0 1 100 0 0 1 480 14 14 480 480 3 1 2 1
conv 0 1 100 0 0 1 480 14 14 480 480 5 2 1 1
conv 0 1 100 0 0 1 480 14 14 480 480 5 2 2 1
conv 0 1 100 0 0 1 480 14 14 64 1 1 0 1 1
conv 0 1 100 0 0 1 480 14 14 72 1 1 0 1 1
conv 0 1 100 0 0 1 480 14 14 80 1 1 0 1 1
conv 0 1 100 0 0 1 480 14 14 96 1 1 0 1 1
conv 0 1 100 0 0 1 480 7 7 120 1 1 0 1 1
conv 0 1 100 0 0 1 480 7 7 160 1 1 0 1 1
conv 0 1 100 0 0 1 480 7 7 192 1 1 0 1 1
conv 0 1 100 0 0 1 480 7 7 480 480 3 1 1 1
conv 0 1 100 0 0 1 480 7 7 480 480 5 2 1 1
conv 0 1 100 0 0 1 54 28 28 24 1 1 0 1 1
conv 0 1 100 0 0 1 54 28 28 32 1 1 0 1 1
conv 0 1 100 0 0 1 54 28 28 40 1 1 0 1 1
conv 0 1 100 0 0 1 54 56 56 18 1 1 0 1 1
conv 0 1 100 0 0 1 54 56 56 24 1 1 0 1 1
conv 0 1 100 0 0 1 54 56 56 30 1 1 0 1 1
conv 0 1 100 0 0 1 54 56 56 54 54 3 1 1 1
conv 0 1 100 0 0 1 54 56 56 54 54 3 1 2 1
conv 0 1 100 0 0 1 54 56 56 54 54 5 2 1 1
conv 0 1 100 0 0 1 54 56 56 54 54 5 2 2 1
conv 0 1 100 0 0 1 576 14 14 120 1 1 0 1 1
conv 0 1 100 0 0 1 576 14 14 576 576 3 1 1 1
conv 0 1 100 0 0 1 576 14 14 576 576 3 1 2 1
conv 0 1 100 0 0 1 576 14 14 576 576 5 2 1 1
conv 0 1 100 0 0 1 576 14 14 576 576 5 2 2 1
conv 0 1 100 0 0 1 576 14 14 72 1 1 0 1 1
conv 0 1 100 0 0 1 576 14 14 96 1 1 0 1 1
conv 0 1 100 0 0 1 576 7 7 120 1 1 0 1 1
conv 0 1 100 0 0 1 576 7 7 160 1 1 0 1 1
conv 0 1 100 0 0 1 576 7 7 192 1 1 0 1 1
conv 0 1 100 0 0 1 576 7 7 576 576 3 1 1 1
conv 0 1 100 0 0 1 576 7 7 576 576 5 2 1 1
conv 0 1 100 0 0 1 600 14 14 120 1 1 0 1 1
conv 0 1 100 0 0 1 600 14 14 600 600 3 1 1 1
conv 0 1 100 0 0 1 600 14 14 600 600 3 1 2 1
conv 0 1 100 0 0 1 600 14 14 600 600 5 2 1 1
conv 0 1 100 0 0 1 600 14 14 600 600 5 2 2 1
conv 0 1 100 0 0 1 600 14 14 72 1 1 0 1 1
conv 0 1 100 0 0 1 600 14 14 96 1 1 0 1 1
conv 0 1 100 0 0 1 600 7 7 120 1 1 0 1 1
conv 0 1 100 0 0 1 600 7 7 160 1 1 0 1 1
conv 0 1 100 0 0 1 600 7 7 192 1 1 0 1 1
conv 0 1 100 0 0 1 600 7 7 600 600 3 1 1 1
conv 0 1 100 0 0 1 600 7 7 600 600 5 2 1 1
conv 0 1 100 0 0 1 64 112 112 64 64 3 1 2 1
conv 0 1 100 0 0 1 64 112 112 64 64 5 2 2 1
conv 0 1 100 0 0 1 64 14 14 192 1 1 0 1 1
conv 0 1 100 0 0 1 64 14 14 256 1 1 0 1 1
conv 0 1 100 0 0 1 64 14 14 320 1 1 0 1 1
conv 0 1 100 0 0 1 64 14 14 384 1 1 0 1 1
conv 0 1 100 0 0 1 64 56 56 18 1 1 0 1 1
conv 0 1 100 0 0 1 64 56 56 24 1 1 0 1 1
conv 0 1 100 0 0 1 64 56 56 30 1 1 0 1 1
conv 0 1 100 0 0 1 640 7 7 120 1 1 0 1 1
conv 0 1 100 0 0 1 640 7 7 160 1 1 0 1 1
conv 0 1 100 0 0 1 640 7 7 192 1 1 0 1 1
conv 0 1 100 0 0 1 640 7 7 640 640 3 1 1 1
conv 0 1 100 0 0 1 640 7 7 640 640 5 2 1 1
conv 0 1 100 0 0 1 72 14 14 216 1 1 0 1 1
conv 0 1 100 0 0 1 72 14 14 288 1 1 0 1 1
conv 0 1 100 0 0 1 72 14 14 360 1 1 0 1 1
conv 0 1 100 0 0 1 72 14 14 432 1 1 0 1 1
conv 0 1 100 0 0 1 72 14 14 48 1 1 0 1 1
conv 0 1 100 0 0 1 72 14 14 64 1 1 0 1 1
conv 0 1 100 0 0 1 72 14 14 80 1 1 0 1 1
conv 0 1 100 0 0 1 72 28 28 24 1 1 0 1 1
conv 0 1 100 0 0 1 72 28 28 32 1 1 0 1 1
conv 0 1 100 0 0 1 72 28 28 40 1 1 0 1 1
conv 0 1 100 0 0 1 72 28 28 72 72 3 1 1 1
conv 0 1 100 0 0 1 72 28 28 72 72 3 1 2 1
conv 0 1 100 0 0 1 72 28 28 72 72 5 2 1 1
conv 0 1 100 0 0 1 72 28 28 72 72 5 2 2 1
conv 0 1 100 0 0 1 72 56 56 18 1 1 0 1 1
conv 0 1 100 0 0 1 72 56 56 24 1 1 0 1 1
conv 0 1 100 0 0 1 72 56 56 30 1 1 0 1 1
conv 0 1 100 0 0 1 72 56 56 72 72 3 1 1 1
conv 0 1 100 0 0 1 72 56 56 72 72 3 1 2 1
conv 0 1 100 0 0 1 72 56 56 72 72 5 2 1 1
conv 0 1 100 0 0 1 72 56 56 72 72 5 2 2 1
conv 0 1 100 0 0 1 720 14 14 120 1 1 0 1 1
conv 0 1 100 0 0 1 720 14 14 72 1 1 0 1 1
conv 0 1 100 0 0 1 720 14 14 720 720 3 1 1 1
conv 0 1 100 0 0 1 720 14 14 720 720 3 1 2 1
conv 0 1 100 0 0 1 720 14 14 720 720 5 2 1 1
conv 0 1 100 0 0 1 720 14 14 720 720 5 2 2 1
conv 0 1 100 0 0 1 720 14 14 96 1 1 0 1 1
conv 0 1 100 0 0 1 720 7 7 120 1 1 0 1 1
conv 0 1 100 0 0 1 720 7 7 160 1 1 0 1 1
conv 0 1 100 0 0 1 720 7 7 192 1 1 0 1 1
conv 0 1 100 0 0 1 720 7 7 320 1 1 0 1 1
conv 0 1 100 0 0 1 720 7 7 720 720 3 1 1 1
conv 0 1 100 0 0 1 720 7 7 720 720 5 2 1 1
conv 0 1 100 0 0 1 768 7 7 120 1 1 0 1 1
conv 0 1 100 0 0 1 768 7 7 160 1 1 0 1 1
conv 0 1 100 0 0 1 768 7 7 192 1 1 0 1 1
conv 0 1 100 0 0 1 768 7 7 768 768 3 1 1 1
conv 0 1 100 0 0 1 768 7 7 768 768 5 2 1 1
conv 0 1 100 0 0 1 80 112 112 80 80 3 1 2 1
conv 0 1 100 0 0 1 80 112 112 80 80 5 2 2 1
conv 0 1 100 0 0 1 80 14 14 240 1 1 0 1 1
conv 0 1 100 0 0 1 80 14 14 320 1 1 0 1 1
conv 0 1 100 0 0 1 80 14 14 400 1 1 0 1 1
conv 0 1 100 0 0 1 80 14 14 480 1 1 0 1 1
conv 0 1 100 0 0 1 80 56 56 18 1 1 0 1 1
conv 0 1 100 0 0 1 80 56 56 24 1 1 0 1 1
conv 0 1 100 0 0 1 80 56 56 30 1 1 0 1 1
conv 0 1 100 0 0 1 800 7 7 120 1 1 0 1 1
conv 0 1 100 0 0 1 800 7 7 160 1 1 0 1 1
conv 0 1 100 0 0 1 800 7 7 192 1 1 0 1 1
conv 0 1 100 0 0 1 800 7 7 800 800 3 1 1 1
conv 0 1 100 0 0 1 800 7 7 800 800 5 2 1 1
conv 0 1 100 0 0 1 90 28 28 24 1 1 0 1 1
conv 0 1 100 0 0 1 90 28 28 32 1 1 0 1 1
conv 0 1 100 0 0 1 90 28 28 40 1 1 0 1 1
conv 0 1 100 0 0 1 90 56 56 18 1 1 0 1 1
conv 0 1 100 0 0 1 90 56 56 24 1 1 0 1 1
conv 0 1 100 0 0 1 90 56 56 30 1 1 0 1 1
conv 0 1 100 0 0 1 90 56 56 90 90 3 1 1 1
conv 0 1 100 0 0 1 90 56 56 90 90 3 1 2 1
conv 0 1 100 0 0 1 90 56 56 90 90 5 2 1 1
conv 0 1 100 0 0 1 90 56 56 90 90 5 2 2 1
conv 0 1 100 0 0 1 96 112 112 96 96 3 1 2 1
conv 0 1 100 0 0 1 96 112 112 96 96 5 2 2 1
conv 0 1 100 0 0 1 96 14 14 288 1 1 0 1 1
conv 0 1 100 0 0 1 96 14 14 384 1 1 0 1 1
conv 0 1 100 0 0 1 96 14 14 48 1 1 0 1 1
conv 0 1 100 0 0 1 96 14 14 480 1 1 0 1 1
conv 0 1 100 0 0 1 96 14 14 576 1 1 0 1 1
conv 0 1 100 0 0 1 96 14 14 64 1 1 0 1 1
conv 0 1 100 0 0 1 96 14 14 80 1 1 0 1 1
conv 0 1 100 0 0 1 96 28 28 24 1 1 0 1 1
conv 0 1 100 0 0 1 96 28 28 32 1 1 0 1 1
conv 0 1 100 0 0 1 96 28 28 40 1 1 0 1 1
conv 0 1 100 0 0 1 96 28 28 96 96 3 1 1 1
conv 0 1 100 0 0 1 96 28 28 96 96 3 1 2 1
conv 0 1 100 0 0 1 96 28 28 96 96 5 2 1 1
conv 0 1 100 0 0 1 96 28 28 96 96 5 2 2 1
conv 0 1 100 0 0 1 96 56 56 18 1 1 0 1 1
conv 0 1 100 0 0 1 96 56 56 24 1 1 0 1 1
conv 0 1 100 0 0 1 96 56 56 30 1 1 0 1 1
conv 0 1 100 0 0 1 96 56 56 96 96 3 1 1 1
conv 0 1 100 0 0 1 96 56 56 96 96 3 1 2 1
conv 0 1 100 0 0 1 96 56 56 96 96 5 2 1 1
conv 0 1 100 0 0 1 96 56 56 96 96 5 2 2 1
conv 0 1 100 0 0 1 960 7 7 120 1 1 0 1 1
conv 0 1 100 0 0 1 960 7 7 160 1 1 0 1 1
conv 0 1 100 0 0 1 960 7 7 192 1 1 0 1 1
conv 0 1 100 0 0 1 960 7 7 320 1 1 0 1 1
conv 0 1 100 0 0 1 960 7 7 960 960 3 1 1 1
conv 0 1 100 0 0 1 960 7 7 960 960 5 2 1 1
conv 0 1 100 1 0 1 10 1 1 40 1 1 0 1 1
conv 0 1 100 1 0 1 12 1 1 48 1 1 0 1 1
conv 0 1 100 1 0 1 120 1 1 30 1 1 0 1 1
conv 0 1 100 1 0 1 1280 1 1 1000 1 1 0 1 1
conv 0 1 100 1 0 1 16 1 1 4 1 1 0 1 1
conv 0 1 100 1 0 1 16 1 1 64 1 1 0 1 1
conv 0 1 100 1 0 1 160 1 1 40 1 1 0 1 1
conv 0 1 100 1 0 1 18 1 1 4 1 1 0 1 1
conv 0 1 100 1 0 1 18 1 1 72 1 1 0 1 1
conv 0 1 100 1 0 1 192 1 1 48 1 1 0 1 1
conv 0 1 100 1 0 1 20 1 1 80 1 1 0 1 1
conv 0 1 100 1 0 1 24 1 1 6 1 1 0 1 1
conv 0 1 100 1 0 1 24 1 1 96 1 1 0 1 1
conv 0 1 100 1 0 1 30 1 1 120 1 1 0 1 1
conv 0 1 100 1 0 1 30 1 1 7 1 1 0 1 1
conv 0 1 100 1 0 1 32 1 1 8 1 1 0 1 1
conv 0 1 100 1 0 1 320 1 1 80 1 1 0 1 1
conv 0 1 100 1 0 1 4 1 1 16 1 1 0 1 1
conv 0 1 100 1 0 1 4 1 1 18 1 1 0 1 1
conv 0 1 100 1 0 1 40 1 1 10 1 1 0 1 1
conv 0 1 100 1 0 1 40 1 1 160 1 1 0 1 1
conv 0 1 100 1 0 1 48 1 1 12 1 1 0 1 1
conv 0 1 100 1 0 1 48 1 1 192 1 1 0 1 1
conv 0 1 100 1 0 1 6 1 1 24 1 1 0 1 1
conv 0 1 100 1 0 1 64 1 1 16 1 1 0 1 1
conv 0 1 100 1 0 1 7 1 1 30 1 1 0 1 1
conv 0 1 100 1 0 1 72 1 1 18 1 1 0 1 1
conv 0 1 100 1 0 1 8 1 1 32 1 1 0 1 1
conv 0 1 100 1 0 1 80 1 1 20 1 1 0 1 1
conv 0 1 100 1 0 1 80 1 1 320 1 1 0 1 1
conv 0 1 100 1 0 1 96 1 1 24 1 1 0 1 1
eltwise 0 1 100 1 1 120 14 14
eltwise 0 1 100 1 1 120 7 7
eltwise 0 1 100 1 1 16 112 112
eltwise 0 1 100 1 1 160 7 7
eltwise 0 1 100 1 1 18 56 56
eltwise 0 1 100 1 1 192 7 7
eltwise 0 1 100 1 1 24 28 28
eltwise 0 1 100 1 1 24 56 56
eltwise 0 1 100 1 1 30 56 56
eltwise 0 1 100 1 1 32 28 28
eltwise 0 1 100 1 1 320 7 7
eltwise 0 1 100 1 1 40 28 28
eltwise 0 1 100 1 1 48 14 14
eltwise 0 1 100 1 1 64 14 14
eltwise 0 1 100 1 1 72 14 14
eltwise 0 1 100 1 1 80 14 14
eltwise 0 1 100 1 1 96 14 14
eltwise 0 1 100 2 1 120 14 14
eltwise 0 1 100 2 1 120 7 7
eltwise 0 1 100 2 1 16 112 112
eltwise 0 1 100 2 1 160 7 7
eltwise 0 1 100 2 1 18 56 56
eltwise 0 1 100 2 1 192 7 7
eltwise 0 1 100 2 1 24 28 28
eltwise 0 1 100 2 1 24 56 56
eltwise 0 1 100 2 1 30 56 56
eltwise 0 1 100 2 1 32 28 28
eltwise 0 1 100 2 1 320 7 7
eltwise 0 1 100 2 1 40 28 28
eltwise 0 1 100 2 1 48 14 14
eltwise 0 1 100 2 1 64 14 14
eltwise 0 1 100 2 1 72 14 14
eltwise 0 1 100 2 1 80 14 14
eltwise 0 1 100 2 1 96 14 14
pooling 0 1 100 1 1 120 14 14 0 0 1 0 3
pooling 0 1 100 1 1 120 7 7 0 0 1 0 3
pooling 0 1 100 1 1 1280 7 7 7 0 1 0 3
pooling 0 1 100 1 1 16 112 112 0 0 1 0 3
pooling 0 1 100 1 1 160 7 7 0 0 1 0 3
pooling 0 1 100 1 1 18 56 56 0 0 1 0 3
pooling 0 1 100 1 1 192 7 7 0 0 1 0 3
pooling 0 1 100 1 1 24 28 28 0 0 1 0 3
pooling 0 1 100 1 1 24 56 56 0 0 1 0 3
pooling 0 1 100 1 1 30 56 56 0 0 1 0 3
pooling 0 1 100 1 1 32 28 28 0 0 1 0 3
pooling 0 1 100 1 1 320 7 7 0 0 1 0 3
pooling 0 1 100 1 1 40 28 28 0 0 1 0 3
pooling 0 1 100 1 1 48 14 14 0 0 1 0 3
pooling 0 1 100 1 1 64 14 14 0 0 1 0 3
pooling 0 1 100 1 1 72 14 14 0 0 1 0 3
pooling 0 1 100 1 1 80 14 14 0 0 1 0 3
pooling 0 1 100 1 1 96 14 14 0 0 1 0 3
