eltwise 0 1 100 2 1 160 7 7
conv 0 1 100 0 0 1 144 56 56 144 144 3 1 2 1
eltwise 0 1 100 2 1 24 56 56
pooling 0 1 100 1 1 1280 7 7 7 0 1 0 3
conv 0 1 100 0 0 1 96 14 14 576 1 1 0 1 1
activation 0 1 100 relu6 1 576 7 7
conv 0 1 100 0 0 1 24 56 56 144 1 1 0 1 1
conv 0 1 100 0 0 1 384 14 14 96 1 1 0 1 1
conv 0 1 100 0 0 1 320 7 7 1280 1 1 0 1 1
activation 0 1 100 relu6 1 384 14 14
conv 0 1 100 0 0 1 960 7 7 960 960 3 1 1 1
conv 0 1 100 0 0 1 96 112 112 96 96 3 1 2 1
conv 0 1 100 0 0 1 192 28 28 32 1 1 0 1 1
conv 0 1 100 0 0 1 3 224 224 32 1 3 1 2 1
conv 0 1 100 0 0 1 144 28 28 32 1 1 0 1 1
activation 0 1 100 relu6 1 144 56 56
conv 0 1 100 0 0 1 960 7 7 160 1 1 0 1 1
activation 0 1 100 relu6 1 192 14 14
conv 0 1 100 0 0 1 192 14 14 64 1 1 0 1 1
conv 0 1 100 0 0 1 576 14 14 576 576 3 1 1 1
conv 0 1 100 0 0 1 576 7 7 160 1 1 0 1 1
conv 0 1 100 0 0 1 192 28 28 192 192 3 1 1 1
activation 0 1 100 relu6 1 96 112 112
conv 0 1 100 0 0 1 16 112 112 96 1 1 0 1 1
conv 0 1 100 0 0 1 32 112 112 16 1 1 0 1 1
conv 0 1 100 1 0 1 1280 1 1 1000 1 1 0 1 1
activation 0 1 100 relu6 1 1280 7 7
eltwise 0 1 100 2 1 32 28 28
conv 0 1 100 0 0 1 32 112 112 32 1 1 0 1 1
activation 0 1 100 relu6 1 960 7 7
conv 0 1 100 0 0 1 576 14 14 96 1 1 0 1 1
activation 0 1 100 relu6 1 576 14 14
conv 0 1 100 0 0 1 960 7 7 320 1 1 0 1 1
conv 0 1 100 0 0 1 32 28 28 192 1 1 0 1 1
conv 0 1 100 0 0 1 144 56 56 144 144 3 1 1 1
activation 0 1 100 relu6 1 192 28 28
conv 0 1 100 0 0 1 576 14 14 576 576 3 1 2 1
conv 0 1 100 0 0 1 192 28 28 192 192 3 1 2 1
eltwise 0 1 100 2 1 64 14 14
activation 0 1 100 relu6 1 144 28 28
conv 0 1 100 0 0 1 32 112 112 32 32 3 1 1 1
conv 0 1 100 0 0 1 160 7 7 960 1 1 0 1 1
eltwise 0 1 100 2 1 96 14 14
conv 0 1 100 0 0 1 96 56 56 24 1 1 0 1 1
conv 0 1 100 0 0 1 144 56 56 24 1 1 0 1 1
activation 0 1 100 relu6 1 96 56 56
conv 0 1 100 0 0 1 64 14 14 384 1 1 0 1 1
conv 0 1 100 0 0 1 384 14 14 384 384 3 1 1 1
activation 0 1 100 relu6 1 32 112 112
conv 0 1 100 0 0 1 384 14 14 64 1 1 0 1 1
