197 196 198 236 
93 93 384 362 363 43 
336 364 407 
421 322 
314 388 
128 58 
138 138 
46 46 46 
34 34 57 57 57 342 228 321 346 357 59 376 
110 110 
135 94 135 
27 250 27 
129 118 
18 18 18 
81 81 89 89 
27 27 
20 20 20 20 20 212 
33 33 33 33 
62 62 62 63 63 55 248 124 381 428 383 382 43 43 261 63 
90 90 78 78 
399 397 202 141 104 104 245 192 191 271 
239 332 283 88 
187 313 
136 136 324 
41 41 
352 128 
413 414 
410 45 45 45 1 1 1 1 1 1 1 1 31 31 31 31 
92 334 92 
95 285 
215 249 
390 41 
116 116 
300 252 
2 2 2 2 2 
8 8 8 8 8 8 
53 241 259 
118 129 126 94 137 208 216 299 
209 368 139 418 419 
311 180 
303 302 203 284 
369 32 32 32 32 337 
207 47 47 47 
106 107 
143 143 
179 178 
109 109 
405 79 79 371 246 
251 417 427 
333 88 387 358 123 348 394 360 36 365 
3 3 3 3 3 
189 188 
398 425 
107 406 
281 201 141 
2 2 2 
359 54 
395 385 293 
60 60 60 121 121 233 58 58 
24 199 175 24 24 24 351 386 106 
115 294 
122 122 127 127 
35 35 
282 393 
277 140 140 343 225 123 36 36 36 221 114 114 59 59 117 117 247 367 219 258 222 301 375 350 353 111 111 
275 272 273 274 331 330 305 108 76 76 108 
26 26 26 408 26 
290 18 210 291 
372 139 424 113 
341 340 335 
120 370 
224 200 
426 416 
137 319 
402 55 
54 54 
327 119 
125 125 
391 396 354 355 389 
142 142 
295 320 
113 366 
253 85 85 
56 56 310 309 308 307 278 25 25 19 19 3 312 19 19 19 3 25 
220 338 
34 130 
130 120 380 315 
339 422 
379 378 
95 56 392 115 
55 124 
126 34 
349 373 361 
195 194 
75 75 
64 64 64 
35 35 
40 40 40 242 77 244 77 243 
257 316 
103 306 102 51 52 103 105 52 52 292 318 112 286 345 237 276 112 51 102 105 
