;3194 11 21067 1 761 5 382;0 0 0 0 1 2 0;33 0 33 0 1 2 33;1 1 1 1 1 1 1;
;1942561 21763 0 43370 0;0 0 0 0 0;0 21 0 0 0;1 1 1 1 1;
;45844 0 473 0 7200 0 6535 2 105746 0 460582 6 45844 0 473 0 7200 0 6535 31 1748 6 1889 170 40 6 45844 0 473 0 7200 0 6535 579 40 1 4 202 2 4385 5522;0 0 0 0 0 0 0 0 0 0 0 0 0 0 0 0 0 0 0 0 0 0 0 0 0 0 0 0 0 0 0 0 0 0 0 0 5 6 0 0 0;21 22 22 22 22 22 22 0 27 28 28 0 21 22 22 22 22 22 22 33 0 0 9 33 33 0 21 22 22 22 22 22 22 33 33 0 33 34 0 0 33;1 1 1 1 1 1 1 1 1 1 1 1 1 1 1 1 1 1 1 1 1 1 1 1 1 1 1 1 1 1 1 1 1 1 1 1 1 1 1 1 1;
;849 110 10927 302 7166 46 1285 311 12 4321 227 8 4897 12 7152 1 463 5 2325 2 1533 31;0 0 0 0 0 0 0 0 0 0 0 0 0 0 0 0 0 0 0 0 1 2;33 34 33 0 33 0 33 34 35 36 0 0 33 0 33 0 33 34 33 0 1 2;1 1 1 1 1 1 1 1 1 1 1 1 1 1 1 1 1 1 1 1 1 1;
;22 27 1916 24483 548 407 15763 58124;0 0 0 0 0 0 0 0;0 0 33 33 33 0 33 33;1 1 1 1 1 1 1 1;
;14 0 8926 736 37 16 8926 736 87 36 8926 736 260 36 8926 736 44 0 2 0 34 997 516 5 0;0 0 29 30 0 0 29 30 0 0 29 30 0 0 29 30 0 0 0 0 1 2 2 2 0;0 0 37 38 33 0 37 38 31 0 37 38 33 0 37 38 33 0 0 0 1 2 2 2 0;1 1 1 1 1 1 1 1 1 1 1 1 1 1 1 1 1 1 1 1 1 1 1 1 1;
;14 2230 1980 1425 4304 104 0 1764 5557 1521 9069 12233 16073 6438 323824 3289 4930 16 37 6 87 6 44 6 3289 4930 6 92 2780 1693 1012 28 18 2 395 5;0 0 9 0 0 0 0 0 0 0 0 0 0 0 43 0 0 0 0 0 0 0 0 0 0 0 0 17 18 18 18 18 18 0 1 2;0 33 33 33 33 33 0 0 33 33 0 33 33 33 51 0 33 0 33 0 31 0 33 0 0 33 0 13 0 0 33 33 34 0 1 2;1 1 1 1 1 1 1 1 1 1 1 1 1 1 1 1 1 1 1 1 1 1 1 1 1 1 1 1 1 1 1 1 1 1 1 1;
;15 40 12 21 2045 1119 39911 1 4 9;0 0 0 0 0 0 0 0 1 2;0 33 33 34 33 34 34 0 1 2;1 1 1 1 1 1 1 1 1 1;
;2793 0 2 0 280396 14358 0 15520;0 0 0 0 0 0 0 0;33 0 0 0 0 33 0 33;1 1 1 1 1 1 1 1;
;902 5500 30 157 21521 903 91 180 17 2 8411 1331 2917 5;0 37 0 0 0 0 0 0 0 0 1 2 2 2;0 45 0 13 14 0 0 0 0 0 1 2 2 2;1 1 1 1 1 1 1 1 1 1 1 1 1 1;
;9829 0 1618 1116 3 118844 59 2 401 2 35 19 2 41 72;17 0 0 0 0 21 0 0 0 0 0 0 0 1 2;31 0 33 34 0 27 0 0 33 34 21 22 0 1 2;1 1 1 1 1 1 1 1 1 1 1 1 1 1 1;
;576 5037 931 24551 3730 5726 753 2 45 81 5;9 0 0 0 0 0 0 0 1 2 2;21 0 0 33 34 33 34 0 1 2 2;1 1 1 1 1 1 1 1 1 1 1;
;1011 3780 6260 3 314 67 120 1 4 61;0 0 0 0 0 0 0 0 1 2;33 33 33 0 33 0 33 0 1 2;1 1 1 1 1 1 1 1 1 1;
;571 2612 35829 161 1858 9686 31 3399 243 2752 2 2 49 198 38 34 544 663 3674 2240 4966 609 224 62 39 13 1134 66 48 198 38;0 0 0 0 0 0 0 0 0 0 0 0 0 0 0 27 28 28 28 28 28 28 28 0 0 0 0 0 0 0 0;33 33 33 33 33 33 33 34 33 33 0 0 0 33 34 35 36 36 36 36 36 36 36 0 33 34 34 0 0 33 34;1 1 1 1 1 1 1 1 1 1 1 1 1 1 1 1 1 1 1 1 1 1 1 1 1 1 1 1 1 1 1;
;90 1442 17880 2 11195 97 3251 6 90 1442 17880 1288 170 40 6 35 1288 31 95 0 1 4 202 2 4385 5522;33 34 34 0 21 22 22 0 33 34 34 0 0 0 0 0 0 19 20 0 0 5 6 0 0 0;33 34 34 0 27 28 28 0 33 34 34 33 33 33 0 33 33 33 34 0 0 33 34 0 0 33;1 1 1 1 1 1 1 1 1 1 1 1 1 1 1 1 1 1 1 1 1 1 1 1 1 1;
;459 283 29 97 1369 7132 11 356 3488 10 15 441 60 1 4 79 9;0 0 0 0 0 0 0 0 0 0 0 0 0 0 0 0 0;33 0 0 0 33 33 33 34 33 0 35 36 36 0 21 22 22;1 1 1 1 1 1 1 1 1 1 1 1 1 1 1 1 1;
;17391 32 34766 15 64 203 17 0 1 2375 499 382;13 0 13 0 0 0 0 0 0 0 0 0;17 0 17 0 0 0 0 0 0 21 22 33;1 1 1 1 1 1 1 1 1 1 1 1;
;82 73576 0 55434 83 0 513 0 313 0 178469 0 25093 0 17993 0 158306 0 290093 0 2 0 1066 0 5578 0 59670;0 0 0 0 0 0 0 0 0 0 0 0 0 0 0 0 33 0 0 0 0 0 0 0 0 0 0;0 21 0 33 0 0 33 0 33 0 0 0 55 56 56 0 21 0 55 0 0 0 35 36 36 36 36;1 1 1 1 1 1 1 1 1 1 1 1 1 1 1 1 1 1 1 1 1 1 1 1 1 1 1;
;14 4241 64 685 86 16 4241 64 685 86 37 1 4241 64 685 86 104 1 4241 64 685 86 87 0 2 427 262 318 5;0 0 0 0 0 0 0 0 23 24 0 0 0 0 23 24 0 0 0 0 0 0 0 0 0 0 0 1 2;0 33 0 29 30 0 33 0 29 30 33 0 33 0 29 30 33 0 33 0 29 30 31 0 0 33 31 1 2;1 1 1 1 1 1 1 1 1 1 1 1 1 1 1 1 1 1 1 1 1 1 1 1 1 1 1 1 1;
;2920 1942561 3 47;0 0 0 0;0 0 0 1;1 1 1 1;
;12064 27 184 12487 102 137 116 71 1 123 1 147 0 2 0 489 2182 5;17 18 18 18 0 0 0 0 0 0 0 0 0 0 0 1 2 2;13 14 33 34 33 21 33 34 0 33 0 33 0 0 0 1 2 2;1 1 1 1 1 1 1 1 1 1 1 1 1 1 1 1 1 1;
;2200 7068 8 786 11 20 415 93 155 1 4 209 132;37 38 0 0 0 0 0 0 0 0 17 23 24;45 46 0 33 33 34 0 33 34 0 31 29 30;1 1 1 1 1 1 1 1 1 1 1 1 1;
;543 1264 686 2 543 23 207 25 1264 686 28 18;0 0 0 0 9 0 0 0 0 0 0 0;13 33 34 0 13 0 33 0 33 34 33 34;1 1 1 1 1 1 1 1 1 1 1 1;
;139 4007 144 1642 140 39 312 917 387229 11518 0 2 0 364 5;0 29 0 0 0 0 0 0 0 0 0 0 0 1 2;0 33 0 33 34 33 34 0 0 33 0 0 0 1 2;1 1 1 1 1 1 1 1 1 1 1 1 1 1 1;
;14444 46854 3088 10733 34 159 379 10732 1 34 4306 852 98 43 1 4 47;0 21 0 0 0 0 0 0 0 1 2 2 2 2 0 1 2;33 27 33 33 21 22 22 22 0 1 2 2 2 2 0 1 2;1 1 1 1 1 1 1 1 1 1 1 1 1 1 1 1 1;
;3233 4330 1391 308 1218 1220 51 1315 580 308 577 194 555 1688 502 10223 1 268 1 279 5;9 10 0 0 0 0 0 0 0 0 0 0 0 0 0 0 0 0 0 1 2;13 14 0 0 33 33 0 0 0 0 33 34 33 34 0 33 0 21 0 1 2;1 1 1 1 1 1 1 1 1 1 1 1 1 1 1 1 1 1 1 1 1;
;222 82156 0 16406 0 32 15696 3 1464 781 1 4 9;0 0 0 0 0 0 29 0 29 0 0 1 2;0 27 0 0 0 0 37 0 33 33 0 1 2;1 1 1 1 1 1 1 1 1 1 1 1 1;
;14227 33 8951 735 1 188 69 108;0 0 0 0 0 17 18 18;55 0 33 0 0 9 10 33;1 1 1 1 1 1 1 1;
;4492 332062 46 48428 3 2399 174 62 371 583 34 251 2369 560 251 198 861 311 66 1 188 268;21 22 0 0 0 0 0 0 0 0 9 0 0 0 0 0 0 0 0 0 23 24;0 0 0 21 0 33 34 0 33 34 13 0 21 22 0 33 33 34 0 0 29 30;1 1 1 1 1 1 1 1 1 1 1 1 1 1 1 1 1 1 1 1 1 1;
;64 5566 1665 109 484 11453 8 710 109 14773 644 2522 146 590 8 710 109 51517 644 4775 52 590 8 1255 91 124593 17 1 4 9 0;0 0 0 0 0 0 0 0 0 0 0 0 0 0 0 0 0 0 0 0 0 0 0 0 0 11 0 0 1 2 0;0 0 0 0 33 33 0 0 0 33 0 0 0 0 0 0 0 0 0 0 0 0 0 0 0 15 0 0 1 2 0;1 1 1 1 1 1 1 1 1 1 1 1 1 1 1 1 1 1 1 1 1 1 1 1 1 1 1 1 1 1 1;
;19373 1589 41342 6 19373 41342 6 19373 1800 414 6 19373 1800 414 28 18;0 0 0 0 0 0 0 17 18 18 0 17 18 18 18 18;33 21 22 0 33 33 0 31 32 32 0 31 32 32 32 32;1 1 1 1 1 1 1 1 1 1 1 1 1 1 1 1;
;490891 2 2129 518 7980 21349 76 2945 1225 31466 267 4380 1523 507 161 3 208 1 4 61;0 0 0 0 23 24 24 0 0 0 0 0 0 0 0 0 0 0 1 2;0 0 0 0 29 30 30 0 33 33 33 33 0 33 33 0 33 0 1 2;1 1 1 1 1 1 1 1 1 1 1 1 1 1 1 1 1 1 1 1;
;157 444 13 1861 1505 192 119 28 18;17 18 18 18 18 18 18 18 18;13 0 33 34 0 33 34 33 34;1 1 1 1 1 1 1 1 1;
;227 20 6193;0 0 11;0 0 33;1 1 1;
;13 29 1976 63 21 1318 3 1215 3011 8 126 373 12 70 166 30840 15025 8 3802 2553 341 1361 24225 1 4 9;0 0 0 0 0 0 0 0 0 0 0 0 0 0 0 0 0 0 0 0 0 0 0 0 1 2;33 34 33 33 34 33 0 33 34 0 0 0 33 34 0 33 33 0 33 33 0 0 33 0 1 2;1 1 1 1 1 1 1 1 1 1 1 1 1 1 1 1 1 1 1 1 1 1 1 1 1 1;
;35445 21 13 4840 41360 358 8 2002 7138 888 502 951 9202 8 999 15101 1882 1882 3 8 12 10 23182 21 8 15 4563 17 1 4 9 0;0 0 0 0 29 30 0 29 30 0 0 0 0 0 0 0 0 0 0 0 0 0 0 0 0 0 0 0 0 1 2 0;33 33 34 0 37 38 0 37 38 0 0 0 33 0 0 33 33 34 0 0 33 34 0 0 0 0 0 0 0 1 2 0;1 1 1 1 1 1 1 1 1 1 1 1 1 1 1 1 1 1 1 1 1 1 1 1 1 1 1 1 1 1 1 1;
;4902 2361 31278 125 508 2 6194 61;0 0 0 0 0 0 0 0;33 33 33 33 34 0 33 33;1 1 1 1 1 1 1 1;
;8935 3 669 1 4 61;0 0 0 0 1 2;33 0 33 0 1 2;1 1 1 1 1 1;
;43232 3218 28 18;17 18 18 18;33 33 33 34;1 1 1 1;
;14 9666 4749 110 4451 178 147 36 123 36 826 16 9666 4749 110 4451 178 137 307 1 961 110 5;0 0 9 10 10 10 10 0 0 0 0 0 0 17 18 0 0 0 0 0 1 2 2;0 13 31 32 33 34 33 0 33 0 33 0 13 31 32 33 34 21 33 0 1 2 2;1 1 1 1 1 1 1 1 1 1 1 1 1 1 1 1 1 1 1 1 1 1 1;
;236 30 18901 227 29 1495 8 18901 15 124 1 4 9;0 0 9 0 0 0 0 9 0 0 0 1 2;0 0 13 0 0 33 0 13 0 0 0 1 2;1 1 1 1 1 1 1 1 1 1 1 1 1;
;14 536 6990 1523 482 8153 0 536 19337 0 6837 12174 191 64 6990 1523 16 37 6 87 6 44 6 1208 1165 270 1148 6 9922 2284 75 103078 12165 267 1172 244 2 395 5;0 9 31 32 23 24 0 0 0 0 0 0 0 0 31 32 0 0 0 0 0 0 0 0 0 0 0 0 17 18 18 18 18 18 18 18 0 1 2;0 13 39 40 29 30 0 13 33 0 21 22 22 0 39 40 0 33 0 31 0 33 0 33 34 33 33 0 13 33 34 33 33 33 33 0 0 1 2;1 1 1 1 1 1 1 1 1 1 1 1 1 1 1 1 1 1 1 1 1 1 1 1 1 1 1 1 1 1 1 1 1 1 1 1 1 1 1;
;28884 2 343673 0 566 0 52380 0 22342 0;0 0 0 0 0 0 0 0 0 0;33 0 0 0 0 0 35 36 36 0;1 1 1 1 1 1 1 1 1 1;
;18255 297 286 1975 508 0 2 0 364 5;0 0 0 0 0 0 0 0 1 2;33 34 33 33 33 0 0 0 1 2;1 1 1 1 1 1 1 1 1 1;
;540 3127 21999 37 189 14 68 16 1 2818 40642 2869 2828 1 5274 1242 344 2788;0 0 0 0 0 0 0 0 0 0 0 0 0 0 0 0 1 2;0 0 33 33 0 0 0 0 0 0 33 0 0 0 21 22 1 2;1 1 1 1 1 1 1 1 1 1 1 1 1 1 1 1 1 1;
;4931 276 2283 58 5189 249 79 24 17 1 4 79 9;37 38 38 0 0 0 0 0 0 0 0 0 0;33 34 33 0 33 0 21 0 0 0 21 22 22;1 1 1 1 1 1 1 1 1 1 1 1 1;
;299766 43720 0 897 1807 0 177 14843 2 22880 5 897 100 0;0 0 0 0 0 0 0 0 0 1 2 0 0 0;0 33 0 33 33 0 0 29 0 1 2 33 33 0;1 1 1 1 1 1 1 1 1 1 1 1 1 1;
;1108 9866 58460 1335 1714 370 23 68 25 2 52032 5049 1679 2 92 2 588 648 5;11 12 12 0 17 18 0 0 0 0 0 0 0 0 9 0 1 2 2;15 16 16 0 31 32 0 0 0 0 21 22 22 0 13 0 1 2 2;1 1 1 1 1 1 1 1 1 1 1 1 1 1 1 1 1 1 1;
;1128 56 214 117 390 101 0 90 12802 10 32 335 11273 15105 1318 2 7698 5;0 0 0 0 0 0 0 0 0 0 0 21 22 27 28 0 1 2;33 34 0 0 0 0 0 0 35 36 0 27 28 35 36 0 1 2;1 1 1 1 1 1 1 1 1 1 1 1 1 1 1 1 1 1;
;25067 768 3 44503 4395 39 52 224 2 205 354 2 35 979 19 2 41 72;19 20 20 20 20 0 0 0 0 0 0 0 0 0 0 0 1 2;25 26 26 26 26 0 0 0 0 33 34 0 33 33 33 0 1 2;1 1 1 1 1 1 1 1 1 1 1 1 1 1 1 1 1 1;
;14 340 80939 174039 1269 345 150 28 18 719 36 340 80939 174039 1269 345 150 28 18 1183 15 124 16 2 136 1448 5;0 17 18 18 18 18 18 18 18 0 0 17 18 18 18 18 18 18 18 0 0 0 0 0 1 2 2;0 13 31 0 33 34 34 33 34 33 0 13 31 0 33 34 34 33 34 33 0 0 0 0 1 2 2;1 1 1 1 1 1 1 1 1 1 1 1 1 1 1 1 1 1 1 1 1 1 1 1 1 1 1;
;49 1232 1731 2289 52 48 7462 39 248 604 231 971 3519 282 1 557 3355 5;45 46 46 46 46 46 9 0 0 0 0 17 0 0 0 1 2 2;53 54 54 54 54 54 13 21 22 0 0 31 33 33 0 1 2 2;1 1 1 1 1 1 1 1 1 1 1 1 1 1 1 1 1 1;
;14 609 16 49 207 263 67 544 195 4211 323 126412 15659 23 13562 25 48 166 22 275 3 506 176 4998 1 4 61;0 0 0 0 0 0 0 0 0 0 0 0 0 0 0 0 0 0 0 0 0 0 0 0 0 1 2;0 33 0 0 33 34 0 33 33 34 34 33 33 0 33 0 0 0 21 22 0 33 0 33 0 1 2;1 1 1 1 1 1 1 1 1 1 1 1 1 1 1 1 1 1 1 1 1 1 1 1 1 1 1;
;923 113 4270 11744 21713 409 153;17 18 18 18 18 18 18;31 32 32 32 32 32 32;1 1 1 1 1 1 1;
;22450 20952 5801 219 87 33 0 566 0 337 1951 0 2 0 2244 5;9 9 10 0 0 0 0 0 0 0 0 0 0 0 1 2;13 13 14 0 31 0 0 0 0 33 34 0 0 0 1 2;1 1 1 1 1 1 1 1 1 1 1 1 1 1 1 1;
;44126 4975 1 577760 220 1795 52626 47131 1 525 7 6894 1 1115 40;0 0 0 0 0 0 0 0 0 0 0 0 0 0 0;0 33 0 21 21 22 27 33 0 0 0 33 0 9 33;1 1 1 1 1 1 1 1 1 1 1 1 1 1 1;
;12 96 317 210 216 6184 1 4564 5;0 0 0 0 0 0 0 1 2;33 34 0 33 33 34 0 1 2;1 1 1 1 1 1 1 1 1;
;6137 50 1963 40 1 695 94 1581 184 793 55 78 282 1 713 54 115;45 46 46 0 0 23 24 0 0 0 0 27 28 0 1 2 2;53 54 54 33 0 29 30 33 33 33 34 35 36 0 1 2 2;1 1 1 1 1 1 1 1 1 1 1 1 1 1 1 1 1;
;105 567 1950 13486 2095 416 6 13486 2095 692 2 726 5261 5 1311;0 0 0 0 0 0 0 0 0 0 0 1 2 2 0;33 33 34 34 34 34 0 33 34 33 0 1 2 2 33;1 1 1 1 1 1 1 1 1 1 1 1 1 1 1;
;82 12 10 1437 924 4724 134 58 11 7474 8 1160 8 1437 924 7474 134 1820 4724 8 214 10 13 29 12 9932 3 12 333 10164 3 9683 83 64 226 15 1 4 9;0 0 0 0 0 0 0 0 0 0 0 0 0 0 0 0 0 0 0 0 0 0 0 0 0 0 0 0 0 0 0 0 0 0 0 0 0 1 2;0 33 34 33 34 33 33 34 0 33 0 0 0 33 34 33 0 33 33 0 0 0 33 34 33 34 0 33 34 34 0 33 0 0 33 0 0 1 2;1 1 1 1 1 1 1 1 1 1 1 1 1 1 1 1 1 1 1 1 1 1 1 1 1 1 1 1 1 1 1 1 1 1 1 1 1 1 1;
;122548 0 50585 10 20 156 1 4 130 112;0 0 0 0 0 0 0 1 2 2;0 0 0 33 34 33 0 1 2 2;1 1 1 1 1 1 1 1 1 1;
;911 1299 133 394 701 145 561 133 0 40468 937 2308 15677 1344 418 2 45 81 5;9 0 0 0 0 0 0 0 0 21 0 0 0 0 0 0 1 2 2;13 33 0 33 33 34 33 0 0 27 0 33 33 33 34 0 1 2 2;1 1 1 1 1 1 1 1 1 1 1 1 1 1 1 1 1 1 1;
;5122 1217 99 2085 1458 1 330 5122 882 1217 99;0 0 0 0 0 0 0 0 0 0 0;21 33 34 33 33 0 33 34 33 33 34;1 1 1 1 1 1 1 1 1 1 1;
;15 827 2114 11263 0 820 1438 3 6132 1 4 9;0 0 0 0 0 0 0 0 0 0 1 2;0 33 0 15 0 0 0 0 0 0 1 2;1 1 1 1 1 1 1 1 1 1 1 1;
;53516 90 37419 21 84 90 160 799 43 84 331 22004 3357 1 53516 43 1 4 47;21 0 0 0 0 0 0 0 0 0 0 0 0 0 21 0 0 1 2;27 0 33 0 0 21 22 22 22 0 0 33 0 0 27 0 0 1 2;1 1 1 1 1 1 1 1 1 1 1 1 1 1 1 1 1 1 1;
;3710 6 7184 766 31683 1 4 61;0 0 37 38 38 0 1 2;33 0 45 46 46 0 1 2;1 1 1 1 1 1 1 1;
;103 7679 1687 96 30 13 332 2 315 2 35 19 2 41 72;0 0 0 0 0 0 0 0 0 0 0 0 0 1 2;33 34 33 35 36 36 36 0 33 0 21 22 0 1 2;1 1 1 1 1 1 1 1 1 1 1 1 1 1 1;
;49257 3338 11 256 2475 3 2582 432 17 1 4 9;29 30 0 0 0 0 0 0 0 0 1 2;37 38 0 0 33 0 33 0 0 0 1 2;1 1 1 1 1 1 1 1 1 1 1 1;
;933 27 4740 496 1023 108 319 5536 1523 12510 440 882 1 33 505 31;17 18 18 18 18 18 0 37 38 38 0 0 0 1 2 2;31 32 32 32 32 32 33 33 34 34 33 33 0 1 2 2;1 1 1 1 1 1 1 1 1 1 1 1 1 1 1 1;
;317 8817 10715 42552 3 634 1 188 69 108;0 0 0 0 0 0 0 17 18 18;0 33 34 33 0 33 0 9 10 33;1 1 1 1 1 1 1 1 1 1;
;102 617 1417 608 1149 1018 5417 0 39 13 407 4260 10 659 1 893 3591;0 9 0 0 0 0 0 0 0 0 0 0 0 0 0 0 0;33 13 33 33 34 34 33 0 33 34 0 33 0 0 0 33 0;1 1 1 1 1 1 1 1 1 1 1 1 1 1 1 1 1;
;31509 148 5700 1363 1696 0 8335 20346 172 4635 4703 3234 1 50 4519 5 1 279 5;9 10 0 0 0 0 0 0 0 0 0 0 0 1 2 2 0 1 2;13 14 33 33 33 0 33 0 33 33 33 34 0 1 2 2 0 1 2;1 1 1 1 1 1 1 1 1 1 1 1 1 1 1 1 1 1 1;
;30953 336 7 129 303 229 17 0 2 0 651 751211 3 1487 0 2 0 605;0 0 0 0 0 0 0 0 0 0 21 22 0 0 0 0 0 1;9 0 0 0 33 33 0 0 0 0 0 0 0 33 0 0 0 1;1 1 1 1 1 1 1 1 1 1 1 1 1 1 1 1 1 1;
;16597 174 229989 26972 742 0 882 1279 3018 6524 4170 452 229 2 247 69 108;0 0 0 0 0 0 0 0 0 0 0 0 0 0 0 0 0;33 0 7 33 0 0 33 0 33 27 33 33 34 0 9 10 33;1 1 1 1 1 1 1 1 1 1 1 1 1 1 1 1 1;
;14 4220 4794 288 21959 63 178 1506 446 16 1 4220 4794 288 21959 63 178 1506 1 4 493;0 0 0 0 0 0 0 0 0 0 0 0 0 0 0 0 0 0 0 1 2;0 33 33 33 34 21 22 0 33 0 0 33 33 33 34 21 22 0 0 1 2;1 1 1 1 1 1 1 1 1 1 1 1 1 1 1 1 1 1 1 1 1;
;7186 27 49801 14472 207 1012 28 18;17 18 18 18 18 18 18 18;13 14 33 34 47 48 33 34;1 1 1 1 1 1 1 1;
;22 249 8822 18 216 123 8 2227 165 11 3056 3 17150 21 8 10 20 156 1 4 9;0 0 0 0 0 0 0 0 0 0 0 0 0 0 0 0 0 0 0 1 2;0 0 33 33 33 34 0 33 34 0 33 0 33 0 0 33 34 33 0 1 2;1 1 1 1 1 1 1 1 1 1 1 1 1 1 1 1 1 1 1 1 1;
;628 1239 573 18510 64062 0 2730 6356 82 7366 4198 83 0 1 235 78 69 1 1945 7 65 34 78 39 13 411 199;17 18 18 0 0 0 0 0 0 0 0 0 0 0 0 0 0 0 0 0 0 9 0 0 0 0 0;31 32 32 33 33 0 33 33 0 33 34 0 0 0 33 34 33 0 1 33 34 13 33 33 34 34 0;1 1 1 1 1 1 1 1 1 1 1 1 1 1 1 1 1 1 1 1 1 1 1 1 1 1 1;
;3875 41586 8048 3 24240 1 4 9;0 0 0 0 0 0 1 2;33 33 34 0 33 0 1 2;1 1 1 1 1 1 1 1;
;375 8772 62312 46 10161 5580 2470 8168 1219 1680 0 154 181 18112 1 375 8772 62312 23 176314 25 1424 1 558 1010 5 1424;0 0 0 0 0 0 0 0 0 0 0 0 0 0 0 0 0 0 0 0 0 1 0 1 2 2 1;0 29 27 0 33 33 0 21 22 33 0 0 0 33 0 0 29 27 0 0 0 1 0 1 2 2 1;1 1 1 1 1 1 1 1 1 1 1 1 1 1 1 1 1 1 1 1 1 1 1 1 1 1 1;
;19933 15729 21796 2512 2 315 2 35 19 2 41 72;0 0 21 0 0 0 0 0 0 0 1 2;0 0 27 33 0 33 0 21 22 0 1 2;1 1 1 1 1 1 1 1 1 1 1 1;
;14 5311 618 16 5311 618 446 1 1 4 493;0 0 0 0 0 0 0 0 0 1 2;0 13 14 0 13 14 33 0 0 1 2;1 1 1 1 1 1 1 1 1 1 1;
;4330 1912 2 4330 344 1912 2 40993 1 72271 1 41444 14726 1 41444 33384 1 18149 33384 1 75364;9 0 0 9 0 0 0 0 0 0 0 0 0 0 0 0 0 0 0 0 0;13 33 0 13 1 2 0 21 0 0 0 21 22 0 0 55 0 33 55 0 0;1 1 1 1 1 1 1 1 1 1 1 1 1 1 1 1 1 1 1 1 1;
;11 1496 110 366 101 63 380 110 6053 3 10128 4485 101 17 1 4 9;0 9 0 0 0 0 9 10 10 0 0 0 0 0 0 1 2;0 13 33 0 0 0 13 14 14 0 33 33 0 0 0 1 2;1 1 1 1 1 1 1 1 1 1 1 1 1 1 1 1 1;
;4369 1577 301 8 190 488 41 10349 8 302 806 8 629 492 11 82 9830 3368 8 9830 3368 8 1402 3143 8 1402 3143 8 9830 134 10 1163 3 8 404 375 83 1 4 9;0 27 28 0 0 0 0 0 0 0 0 0 0 0 0 0 33 34 0 0 0 0 0 0 0 0 0 0 0 0 0 0 0 0 0 0 0 0 1 2;33 33 34 0 33 34 0 0 0 0 33 0 33 0 0 0 1 2 0 1 2 0 33 34 0 33 34 0 0 0 0 0 0 0 0 0 0 0 1 2;1 1 1 1 1 1 1 1 1 1 1 1 1 1 1 1 1 1 1 1 1 1 1 1 1 1 1 1 1 1 1 1 1 1 1 1 1 1 1 1;
;49 7046 22187 48 53 53 6477 33103 57 0 2 0;19 20 20 20 0 0 0 0 0 0 0 0;0 21 22 0 33 34 33 33 0 0 0 0;1 1 1 1 1 1 1 1 1 1 1 1;
;3682 101 1726 1050 93 363 0 2 0 858 197 334 100;0 0 0 0 0 0 0 0 0 17 0 0 0;11 12 0 33 0 0 0 0 0 31 33 33 33;1 1 1 1 1 1 1 1 1 1 1 1 1;
;1671 434 1 650 94 18907 8 650 467 94 730 8 650 467 18907 8 650 467 800 99 8 650 94 730 8 650 18907 8 650 94 183 8 650 94 730 104 8 650;0 0 0 9 0 0 0 9 0 0 0 0 9 0 0 0 9 0 0 0 0 9 0 0 0 9 0 0 9 0 0 0 9 0 0 0 0 9;33 33 0 13 33 34 0 13 21 22 33 0 13 33 34 0 13 33 0 0 0 13 33 34 0 13 33 0 13 33 34 0 13 33 34 33 0 13;1 1 1 1 1 1 1 1 1 1 1 1 1 1 1 1 1 1 1 1 1 1 1 1 1 1 1 1 1 1 1 1 1 1 1 1 1 1;
;8893 22467 192 119 286 62 92 66 28 18 1 14 443 71 1 1489 71 1 908 71 1 434 71 1 123 147 1 116 71 16 196 2 1841 510;21 22 0 0 0 0 9 0 0 0 0 0 0 0 0 0 0 0 0 0 0 0 0 0 0 0 0 0 0 0 0 0 0 0;0 0 33 34 33 0 13 0 33 34 0 0 33 34 0 33 33 0 33 34 0 33 33 0 33 33 0 33 34 0 33 0 21 22;1 1 1 1 1 1 1 1 1 1 1 1 1 1 1 1 1 1 1 1 1 1 1 1 1 1 1 1 1 1 1 1 1 1;
;943 158 146 7 228 81 17512 200 2205 2 379102 251 3826 1529 88383 1 97065 276 2 78 2 35 979 19 566 41 72;45 46 0 0 0 0 0 0 0 0 21 22 22 22 22 0 0 0 0 0 0 0 0 0 0 1 2;53 54 0 0 0 0 33 34 34 0 27 0 33 34 34 0 0 0 0 33 0 33 33 33 0 1 2;1 1 1 1 1 1 1 1 1 1 1 1 1 1 1 1 1 1 1 1 1 1 1 1 1 1 1;
;14 1835 948 17891 16 1 1835 948 17891 87 1 1835 948 17891 104 269 0 2 0 111;0 0 0 0 0 0 0 0 0 0 0 0 0 0 0 0 0 0 0 17;0 33 33 33 0 0 33 33 33 31 0 33 33 33 33 34 0 0 0 31;1 1 1 1 1 1 1 1 1 1 1 1 1 1 1 1 1 1 1 1;
;1038 9591 257 4927 306 5388 37157 967 2588 449 13 967 238 296 0 2 2 0 1962 5 0 1962 69 5;17 18 18 0 0 0 0 0 0 0 0 0 0 0 0 0 0 0 1 2 0 1 2 2;31 32 32 33 0 33 33 0 0 0 0 0 0 33 0 0 0 0 1 2 0 1 2 2;1 1 1 1 1 1 1 1 1 1 1 1 1 1 1 1 1 1 1 1 1 1 1 1;
;7415 3 81 2055 945 245 1 1 44 926 1 677 1 945 245 1930 1 3079 68 5 3171 7 65;0 0 0 0 0 0 0 0 0 0 0 0 0 0 0 0 0 1 2 2 0 0 0;35 36 36 36 33 34 0 0 33 33 0 0 0 33 34 33 0 1 2 2 0 33 34;1 1 1 1 1 1 1 1 1 1 1 1 1 1 1 1 1 1 1 1 1 1 1;
;360 38 2058 6905 621 1388 0 360 38 2058 6905 3072 621 1 629 2816 0 2 0 2956 358;0 0 0 0 0 0 0 0 0 0 0 0 0 0 0 0 0 0 0 1 2;21 22 22 33 33 35 0 21 22 22 33 33 33 0 33 33 0 0 0 1 2;1 1 1 1 1 1 1 1 1 1 1 1 1 1 1 1 1 1 1 1 1;
;7489 9567 106585 0 11799 148 16542 42 16161 3461 13878 2 11799 1456 5;0 0 0 0 9 10 0 0 0 0 0 0 0 1 2;21 22 22 0 13 14 33 0 33 0 33 0 33 1 2;1 1 1 1 1 1 1 1 1 1 1 1 1 1 1;
;1015 4004 285 1991 206 3 285 201;0 0 0 0 0 0 0 0;33 33 33 33 0 0 35 36;1 1 1 1 1 1 1 1;
;3817 5909 1016 1 4 61;0 0 0 0 1 2;33 34 33 0 1 2;1 1 1 1 1 1;
;139 655 144 2756 23154 177 21823 844 26 6393 10719 1860 1081 162 264 0 2 0 2756 0 17738 0 2 0 81 939 100;0 0 0 23 24 0 0 0 0 0 0 0 0 0 0 0 0 0 17 0 17 0 0 0 0 0 0;0 33 0 29 30 0 31 33 0 0 33 21 22 0 0 0 0 0 31 0 31 0 0 0 0 33 33;1 1 1 1 1 1 1 1 1 1 1 1 1 1 1 1 1 1 1 1 1 1 1 1 1 1 1;
;1942561 687 633 2 1942561 1032 19 2 41 72;0 0 0 0 0 0 0 0 1 2;0 33 34 0 0 33 33 0 1 2;1 1 1 1 1 1 1 1 1 1;
;102 38 1103 92 27 19126 1456 4891 1678 1188 7 2210 7 2210 1 26071 5;0 0 0 9 10 0 0 0 0 0 0 0 0 0 0 1 2;33 34 33 13 14 21 22 22 33 33 21 22 21 22 0 1 2;1 1 1 1 1 1 1 1 1 1 1 1 1 1 1 1 1;
;912 1342 1942 345 44794 6 912 1342 181 1403 2181 3330 2181 6 2181 799 90 345 199 912 1342;0 0 19 0 0 0 0 0 0 0 0 0 0 0 0 0 0 0 0 0 0;9 10 25 33 31 0 9 10 33 34 0 33 0 0 0 0 0 33 0 9 10;1 1 1 1 1 1 1 1 1 1 1 1 1 1 1 1 1 1 1 1 1;
;233 4587 8139 37 1 137 233 4587 8139 37 26 104 307 1 233 4587 8139 91 180 0 2 0 318 5;0 0 0 0 0 0 0 0 0 0 0 0 0 0 0 0 0 0 0 0 0 0 1 2;29 30 33 33 0 21 29 30 33 33 0 33 33 0 29 30 33 0 0 0 0 0 1 2;1 1 1 1 1 1 1 1 1 1 1 1 1 1 1 1 1 1 1 1 1 1 1 1;
;744 1395 13501 610 1951 917 435 138 176 4091 0 2 435 4091;0 0 0 0 0 0 0 0 0 0 0 0 0 0;33 0 0 33 33 0 33 34 0 33 0 0 33 34;1 1 1 1 1 1 1 1 1 1 1 1 1 1;
;163360 207 928 18 0 2 277;17 18 18 18 0 0 0;0 31 32 32 0 0 0;1 1 1 1 1 1 1;
;1874 1329 2140 21018 10044 6538 731 2 2140 21018 10044 3 6538 731 1 242 852 5;9 9 10 10 10 0 0 0 9 10 10 0 0 0 0 1 2 2;13 13 14 14 14 33 34 0 13 14 14 0 33 34 0 1 2 2;1 1 1 1 1 1 1 1 1 1 1 1 1 1 1 1 1 1;
;7959 146 417 1661 3035 13333 536890 1 405 1 35 19 31 95;0 0 0 21 22 0 0 0 0 0 0 0 0 0;53 0 0 27 28 33 27 0 1 0 21 22 33 34;1 1 1 1 1 1 1 1 1 1 1 1 1 1;
;34 9805 337 1802 1 1768 1 188 5652;17 18 18 18 0 0 0 17 0;31 32 32 32 0 33 0 31 33;1 1 1 1 1 1 1 1 1;
;510771 5811 76 1949 176 2621 4215 19 2 458 2 35 19 2 41 72;23 24 24 0 0 0 0 0 0 0 0 0 0 0 1 2;29 30 30 33 0 33 33 33 0 33 0 21 22 0 1 2;1 1 1 1 1 1 1 1 1 1 1 1 1 1 1 1;
;277 2 248 2055 2248 260 178 2 322 5;0 0 0 0 0 0 0 0 1 2;0 0 0 0 0 33 0 0 1 2;1 1 1 1 1 1 1 1 1 1;
;11 52 29 97 89 212 1254 21 6 1645 8216 11 145 6750 79270 6 6644 11 11860 6 10 15 441 1 4 79 9;0 0 0 0 0 0 37 0 0 0 0 0 0 0 0 0 0 0 37 0 0 0 0 0 0 0 0;0 33 34 33 34 0 33 0 0 33 33 33 34 0 0 0 33 0 33 0 0 0 33 0 21 22 22;1 1 1 1 1 1 1 1 1 1 1 1 1 1 1 1 1 1 1 1 1 1 1 1 1 1 1;
;1203 10 80 2743 3327 32 425 5551 1043 0 1520 60 60 1 4 9;0 0 0 0 0 0 0 31 32 0 0 0 0 0 1 2;33 33 34 33 34 0 0 39 40 0 33 0 0 0 1 2;1 1 1 1 1 1 1 1 1 1 1 1 1 1 1 1;
;545 1129 108 707 101 2131 1 1129 108 707 5835 0 2 0 545 707 101 5;0 0 0 0 0 0 0 0 0 0 0 0 0 0 0 0 0 0;13 33 34 33 34 33 0 33 34 33 34 0 0 0 21 22 0 0;1 1 1 1 1 1 1 1 1 1 1 1 1 1 1 1 1 1;
;31243 0 22495 17088 0 86851 0 231222 0 6282 64579 0 7224 0 616002 3555 0 59407 0 107341 0 89926 0 11193 0 105743;0 0 0 0 0 0 0 0 0 0 0 0 0 0 0 0 0 0 0 0 0 0 0 0 0 0;27 0 21 33 0 0 0 0 0 0 33 0 33 0 33 0 0 21 0 33 0 0 0 33 0 0;1 1 1 1 1 1 1 1 1 1 1 1 1 1 1 1 1 1 1 1 1 1 1 1 1 1;
;139 2865 85 655 1760 144 47340 1216 7960 8 73 883 32 1152 1599 1 4 815;0 45 46 0 0 0 0 0 0 0 0 0 0 0 0 0 1 2;0 53 54 33 33 0 33 0 33 0 0 33 0 33 33 0 1 2;1 1 1 1 1 1 1 1 1 1 1 1 1 1 1 1 1 1;
;14 1648 4700 335 446 16 1 1648 4700 335 844 327 739 281 2073 1 4 493;0 17 18 18 0 0 0 17 18 18 0 0 0 0 0 0 1 2;0 31 32 32 33 0 0 31 32 32 33 33 34 33 34 0 1 2;1 1 1 1 1 1 1 1 1 1 1 1 1 1 1 1 1 1;
;3439 838 0 3439 838 40 0 170 3439 838 40 2 8885 7 61137 7 65;0 0 0 0 0 0 0 0 0 0 0 0 0 0 0 0 0;21 22 0 21 22 33 0 33 21 22 33 0 53 0 1 33 34;1 1 1 1 1 1 1 1 1 1 1 1 1 1 1 1 1;
;1942561 6 0 37473;0 0 0 0;0 0 0 33;1 1 1 1;
;10645 16030 81 155 329 0 440 154 421 16030 9446 29307 0;29 30 0 0 0 0 0 0 0 29 0 0 0;37 38 0 33 34 0 33 0 0 37 0 33 0;1 1 1 1 1 1 1 1 1 1 1 1 1;
;88 4480 60729 119 28 18 270 383 1972 242 7 679 1196 869 170 367 74 31 136;17 18 18 18 18 18 0 0 0 0 0 0 0 0 0 0 0 0 0;31 32 32 32 32 32 33 34 33 34 0 21 22 33 33 33 0 33 0;1 1 1 1 1 1 1 1 1 1 1 1 1 1 1 1 1 1 1;
;459 298 106 29 97 450 3847 23123 3 746 509 862 24 17 1 4 209 132;0 0 0 0 0 0 0 0 0 0 0 0 0 0 0 17 23 24;33 0 35 36 36 0 0 33 0 33 0 33 0 0 0 31 29 30;1 1 1 1 1 1 1 1 1 1 1 1 1 1 1 1 1 1;
;3479 1229 86 4355 989 0 19261 15 321 1 4 9;5 6 6 0 0 0 0 0 0 0 1 2;9 10 10 33 21 0 55 0 33 0 1 2;1 1 1 1 1 1 1 1 1 1 1 1;
;2074 33416 1613 1 2074 33416 393 3799 1497 189 14 4121 12867 5 16;23 24 0 0 0 0 0 0 0 0 0 1 2 2 0;29 30 21 0 29 30 0 33 34 34 0 1 2 2 0;1 1 1 1 1 1 1 1 1 1 1 1 1 1 1;
;913 106 376 82 49908 83 1255 7787 0 45731 5132 82 8911 604 83 2 19447 27 169 287 5;9 10 10 0 0 0 0 0 0 0 0 0 0 0 0 0 17 18 18 18 0;13 14 14 0 0 0 0 0 0 0 33 0 33 0 0 0 13 14 33 34 0;1 1 1 1 1 1 1 1 1 1 1 1 1 1 1 1 1 1 1 1 1;
;511 74 162 1568 2497 3 7921 1835 1 296422 1 114 204;0 0 0 0 0 0 11 12 0 0 0 1 2;0 0 0 0 33 34 15 16 0 0 0 1 2;1 1 1 1 1 1 1 1 1 1 1 1 1;
;14 2521 2108 2214 0 87 8371 104 0 1625 20867 12031 8371 0 8371 104 0 10094 16 37 6 87 6 44 6 8371 26 5290 74 61225 6 2521 2108 2214 10591 28 18 2 395 5;0 9 0 0 0 0 0 0 0 0 0 0 0 0 0 0 0 0 0 0 0 0 0 0 0 0 0 0 0 23 0 9 17 18 18 18 18 0 1 2;0 13 0 0 0 31 33 33 0 33 33 33 33 0 33 33 0 11 0 33 0 31 0 33 0 33 0 33 0 29 0 13 0 0 33 33 34 0 1 2;1 1 1 1 1 1 1 1 1 1 1 1 1 1 1 1 1 1 1 1 1 1 1 1 1 1 1 1 1 1 1 1 1 1 1 1 1 1 1 1;
;4093 11880 2011 46 198 38 298 5388 16954 353 15567 9918;0 0 0 0 0 0 0 0 0 0 0 0;33 33 33 0 33 34 0 33 33 0 33 33;1 1 1 1 1 1 1 1 1 1 1 1;
;14 467 1230 6094 117 563 4756 16 37 6 87 6 44 6 467 1230 6 157 27 181 179 3224 192 28 18 2 395 5;0 23 24 0 0 0 0 0 0 0 0 0 0 0 23 24 0 17 18 18 18 18 18 18 18 0 1 2;0 29 30 33 0 0 33 0 33 0 31 0 33 0 29 30 0 13 14 33 34 33 33 33 34 0 1 2;1 1 1 1 1 1 1 1 1 1 1 1 1 1 1 1 1 1 1 1 1 1 1 1 1 1 1 1;
;913 164 376 1 709 253 0;9 10 10 0 0 0 0;13 14 14 0 1 2 0;1 1 1 1 1 1 1;
;22 1992 283 386 122 21 8 1290 13 820 3246 135 16370 8 10 15 441 203 17 1 4 209 132;0 0 0 0 0 0 0 0 0 0 0 0 0 0 0 0 0 0 0 0 17 23 24;33 34 33 34 21 22 0 33 33 34 33 0 33 0 0 0 33 0 0 0 31 29 30;1 1 1 1 1 1 1 1 1 1 1 1 1 1 1 1 1 1 1 1 1 1 1;
;447 50 1239 805 28 18 6056 246 18 0 2 0 2251 1931 172 1270;17 18 18 18 18 18 18 18 18 0 0 0 21 22 0 0;31 32 32 32 32 32 13 33 34 0 0 0 27 28 33 34;1 1 1 1 1 1 1 1 1 1 1 1 1 1 1 1;
;236 227 322 5 2028 8 1257 9543 26 490 3875 21 8 236 227 322 5 2028 14692 1257 9543 26 490 1887 322 5 2028 2831 551 84 222 440;0 0 1 2 0 0 0 0 0 0 0 0 0 0 0 1 2 0 23 0 0 0 0 0 1 2 0 23 24 0 0 0;0 0 1 2 33 0 0 33 0 0 33 0 0 0 0 1 2 33 33 0 33 0 0 0 1 2 33 29 30 0 0 33;1 1 1 1 1 1 1 1 1 1 1 1 1 1 1 1 1 1 1 1 1 1 1 1 1 1 1 1 1 1 1 1;
;1119 7129 3674 1 4 253;17 18 18 0 1 2;31 32 32 0 1 2;1 1 1 1 1 1;
;22 134 89 15 155 63 597 597 963 801 7649 1132 21 597 597 1378 165 350 16313 22 11750 36171 3 597 597 1476 22 12 70 155 4851 597 597 2814 22 136 0 2 0 4118 253 0;0 0 0 0 0 0 0 0 0 0 0 0 0 0 0 0 0 0 0 0 0 0 0 0 0 0 0 0 0 0 11 0 0 0 0 0 0 0 0 5 6 0;0 0 0 33 34 0 33 34 33 33 33 33 34 33 34 33 0 0 33 34 33 33 0 33 34 33 34 33 34 0 33 33 34 0 33 34 0 0 0 33 34 0;1 1 1 1 1 1 1 1 1 1 1 1 1 1 1 1 1 1 1 1 1 1 1 1 1 1 1 1 1 1 1 1 1 1 1 1 1 1 1 1 1 1;
;14 2689 76 30811 86 2982 1979 653 145 16 37 6 87 6 44 6 30811 267 74 30811 86 6 157 27 6406 1870 11654 4685 81 2378 192 1172 244 2 395 5;0 23 24 0 0 9 0 0 0 0 0 0 0 0 0 0 0 0 0 0 0 0 9 10 9 10 0 17 18 18 18 18 18 0 1 2;0 29 30 33 0 13 33 33 34 0 33 0 31 0 33 0 33 33 0 33 0 0 13 14 13 14 0 0 33 34 33 33 0 0 1 2;1 1 1 1 1 1 1 1 1 1 1 1 1 1 1 1 1 1 1 1 1 1 1 1 1 1 1 1 1 1 1 1 1 1 1 1;
;5973 5448 6599 51 1879 2056 5448 0 23 1808 25 0;0 0 0 0 19 20 20 0 0 1 0 0;25 26 26 0 33 34 34 0 0 1 0 0;1 1 1 1 1 1 1 1 1 1 1 1;
;742 59 59 59 132 165 22 6202 341 21 2604 194 2283 59 402 659 1822 902 33 24 17 1 4 9;0 0 0 0 0 0 0 29 0 0 37 38 38 0 0 0 0 0 0 0 0 0 1 2;0 0 0 0 33 33 34 33 33 34 45 46 46 0 33 0 0 0 33 34 0 0 1 2;1 1 1 1 1 1 1 1 1 1 1 1 1 1 1 1 1 1 1 1 1 1 1 1;
;220 386 496 2176 12 527 1961 1908 8403 348 58 13 4574 13 4574 19241 32 7277 12 3876 23700 1 12 1262 1 33 505 31 2 624 463 5 107 344 372;0 0 0 0 0 0 0 0 0 0 0 0 0 0 0 0 0 0 0 0 0 0 0 0 0 1 2 2 0 0 0 0 0 0 0;0 0 33 33 34 34 33 33 33 0 0 0 0 0 0 33 0 33 0 33 33 0 33 34 0 1 2 2 0 33 34 34 33 21 33;1 1 1 1 1 1 1 1 1 1 1 1 1 1 1 1 1 1 1 1 1 1 1 1 1 1 1 1 1 1 1 1 1 1 1;
;140 2299 1725 1 8655 2647 46 10171 5701 81 10526 81 544 1 3647 140;0 0 0 0 0 0 0 0 0 0 0 17 18 0 1 2;33 34 0 0 33 33 0 33 33 0 33 31 32 0 1 2;1 1 1 1 1 1 1 1 1 1 1 1 1 1 1 1;
;2754 1581 55 548 7 228 46 15067 2394 282 1 2754 1581 55 548 7 228 46 15067 2394 300 55 1581 78 40;45 46 46 0 0 0 0 0 0 0 0 0 0 0 0 0 0 0 0 0 0 0 0 0 0;53 54 54 33 0 0 0 35 36 33 0 53 54 54 33 0 0 0 35 36 33 34 33 34 33;1 1 1 1 1 1 1 1 1 1 1 1 1 1 1 1 1 1 1 1 1 1 1 1 1;
;9480 1675 7005 998 9068 10 10010 203 7 7 7 0 2 0 49 2658 3013 117 46 7206 48 0 2 0 4761 4886 100 0 2 0 956 0 556 0 1157 232;0 0 0 0 0 0 0 0 0 0 0 0 0 0 45 46 46 46 46 46 46 0 0 0 1 2 0 0 0 0 0 0 0 0 0 0;33 33 34 0 33 0 33 0 0 0 0 0 0 0 53 54 54 54 54 54 54 0 0 0 1 2 33 0 0 0 0 0 33 0 9 10;1 1 1 1 1 1 1 1 1 1 1 1 1 1 1 1 1 1 1 1 1 1 1 1 1 1 1 1 1 1 1 1 1 1 1 1;
;22 9 126 61575 10 654 1202 2595 3 6204 17 1 4 9;0 0 0 0 0 31 32 32 0 0 0 0 1 2;33 34 0 37 0 39 40 40 0 33 0 0 1 2;1 1 1 1 1 1 1 1 1 1 1 1 1 1;
;32462 2 100479 180833 40410 10 20 156 1 32462 2 100479 180833 40410 3 273 1 3019 1 1809 1 1526 1 2139 1 41 5936 31 1538;0 0 0 0 0 0 0 0 0 0 0 0 0 0 0 0 0 0 0 0 0 0 0 0 0 0 0 0 0;31 0 0 33 33 33 34 33 0 31 0 0 33 33 0 33 0 21 0 33 0 33 0 33 0 9 10 33 34;1 1 1 1 1 1 1 1 1 1 1 1 1 1 1 1 1 1 1 1 1 1 1 1 1 1 1 1 1;
;933 567 1590 0 6541 2017 22 212 21 0 3 845 202 1 4 9;9 0 0 0 0 0 0 0 0 0 0 0 0 0 1 2;13 33 33 0 33 34 33 34 34 0 0 33 34 0 1 2;1 1 1 1 1 1 1 1 1 1 1 1 1 1 1 1;
;4837 4267 46 757 1070 17797 508 13818 3195 2873 1 8748 297 1 114 268 1 114 5;17 18 0 0 0 0 0 0 0 0 0 23 24 0 1 2 0 1 2;31 32 0 33 34 33 33 33 33 33 0 29 30 0 1 2 0 1 2;1 1 1 1 1 1 1 1 1 1 1 1 1 1 1 1 1 1 1;
;1942561 0 123 4009 196 36 94 730 3630 0 2 0 6623 43;0 0 0 0 0 0 0 0 0 0 0 0 1 2;0 0 33 34 33 0 33 34 33 0 0 0 1 2;1 1 1 1 1 1 1 1 1 1 1 1 1 1;
;1252 17394 3 613 1 4 209 132;0 37 0 0 0 17 23 24;0 45 0 33 0 31 29 30;1 1 1 1 1 1 1 1;
;2377 5794 53 53 163296 1 1177 142 5;0 37 0 0 13 0 1 2 2;33 33 33 34 17 0 1 2 2;1 1 1 1 1 1 1 1 1;
;3229 233 404 3 11 1361 3458 24 17 0 2 0 612 295 42;0 0 0 0 0 0 0 0 0 0 0 0 1 2 2;21 22 33 34 0 0 33 0 0 0 0 0 1 2 2;1 1 1 1 1 1 1 1 1 1 1 1 1 1 1;
;49 2885 3 634 62 936 324 66 23 534 3897 724 25 48 2038 46 7447 373 301 3828 7 5764 1 1115 40;0 0 0 0 0 0 0 0 0 0 0 0 0 0 0 0 0 0 0 0 0 0 0 0 0;0 33 34 34 0 33 34 0 0 33 33 33 0 0 33 0 27 28 33 33 0 21 0 9 33;1 1 1 1 1 1 1 1 1 1 1 1 1 1 1 1 1 1 1 1 1 1 1 1 1;
;157 2102 5608 6 157 13710 5608 6 157 4573 5608 53 157 1142 2102 132423 210 565 1392 1951;9 23 24 0 9 0 23 0 9 23 24 0 9 0 0 0 0 0 0 0;13 29 30 0 13 33 29 0 13 29 30 0 13 33 33 33 33 34 33 33;1 1 1 1 1 1 1 1 1 1 1 1 1 1 1 1 1 1 1 1;
;3251 7029 3 1107 5153 625 15 2281 222 9093 1021 1 3251 7029 1 7019 100;45 46 0 0 0 0 0 0 0 0 0 0 0 0 0 1 0;33 34 0 33 33 0 0 33 0 33 0 0 33 34 0 1 33;1 1 1 1 1 1 1 1 1 1 1 1 1 1 1 1 1;
;3053 41 7443 5958 53 53 88 1362 98 3174 718 30561 1 718 30561 1 34 1853 5055;0 0 0 0 0 0 17 18 18 18 18 0 0 0 0 0 9 17 0;35 36 0 0 33 34 31 32 32 32 32 33 0 33 33 0 13 33 0;1 1 1 1 1 1 1 1 1 1 1 1 1 1 1 1 1 1 1;
;174 936 79 238 29 97 10 3875 93 9846 24 1 4 79 9;0 0 0 0 0 0 0 0 0 0 0 0 0 0 0;0 0 21 33 34 34 0 33 0 33 0 0 21 22 22;1 1 1 1 1 1 1 1 1 1 1 1 1 1 1;
;14 226437 190965 431 3793 57 16 226437 62 1311787 66 0 190965 431 3793 57 0 2493 26 728 26 15021 26 948 260 14084 76 26 782 2055 76 26 160 2859 76 14 1236 0 307 0 37 0 1396 16 2 553;0 23 24 24 24 24 0 0 0 0 0 0 0 0 0 0 0 0 0 0 0 0 0 0 0 23 24 0 23 24 24 0 0 0 0 0 0 0 0 0 0 0 0 0 0 17;0 29 30 30 30 30 0 0 0 0 0 0 0 33 13 0 0 33 0 33 0 33 0 21 22 29 30 0 29 30 30 0 0 0 0 0 33 0 33 0 33 0 0 0 0 31;1 1 1 1 1 1 1 1 1 1 1 1 1 1 1 1 1 1 1 1 1 1 1 1 1 1 1 1 1 1 1 1 1 1 1 1 1 1 1 1 1 1 1 1 1 1;
;22 963 554 2545 3326 6657 0 1494 506 2487 24 781 1 2375 499 382;0 0 0 37 0 0 0 0 0 0 0 0 0 0 0 0;0 33 33 34 33 33 0 33 33 33 0 33 0 21 22 33;1 1 1 1 1 1 1 1 1 1 1 1 1 1 1 1;
;49 3522 17302 46 308 1158 213 85 48 12040 2237 76 3781 46 529 22774 11539 45788 1 3333 5 0 9781 8059 7 1054;19 20 20 20 20 20 20 20 20 0 0 0 0 0 0 0 0 0 0 1 2 0 0 0 0 0;0 33 34 0 33 34 34 0 0 33 0 0 33 0 0 33 33 33 0 1 2 0 27 33 33 34;1 1 1 1 1 1 1 1 1 1 1 1 1 1 1 1 1 1 1 1 1 1 1 1 1 1;
;4 280 53 53 317 1264 607 1277;1 2 0 0 0 0 0 0;1 2 33 34 0 33 0 33;1 1 1 1 1 1 1 1;
;33 505 31 1 34 77 50 3 1023 128;1 2 2 0 9 0 0 0 0 0;1 2 2 0 13 33 34 0 33 33;1 1 1 1 1 1 1 1 1 1;
;370 94 56 11 29 94 78 13 888 10 29 4365 365 32 22826 418 93 800 8 216 2985 58 1500 1460 1500 1675 886 4686 4763 8 2815 180 122 21 373 333 1 4 9;23 24 0 0 0 0 0 0 0 0 0 0 0 0 0 0 0 0 0 0 0 0 0 0 0 0 0 0 0 0 0 0 0 0 0 0 0 1 2;29 30 0 0 0 33 34 33 34 0 0 33 34 0 21 22 0 0 0 21 22 0 0 33 0 0 0 33 33 0 33 33 34 0 0 0 0 1 2;1 1 1 1 1 1 1 1 1 1 1 1 1 1 1 1 1 1 1 1 1 1 1 1 1 1 1 1 1 1 1 1 1 1 1 1 1 1 1;
;1179 27 102 38 1266 745 1029 62 293 361 66;9 10 0 0 0 0 0 0 0 0 0;13 14 33 34 33 34 33 0 0 33 0;1 1 1 1 1 1 1 1 1 1 1;
;14 157 8797 10604 983 37 1 10604 983 44 1 10604 983 1303 71 16 2 157 631 5;0 9 9 29 30 0 0 29 30 0 0 29 30 0 0 0 0 1 2 2;0 13 14 37 38 33 0 37 38 33 0 37 38 33 33 0 0 1 2 2;1 1 1 1 1 1 1 1 1 1 1 1 1 1 1 1 1 1 1 1;
;273554 6522 58 47217 2298 275 4333 1655 2627 2 34 2656 7334 414 18;21 0 0 9 10 10 0 0 0 0 17 18 18 18 18;27 33 34 13 14 14 33 0 0 0 31 32 32 32 32;1 1 1 1 1 1 1 1 1 1 1 1 1 1 1;
;4065 58 607 33 214 574 492 171 619 240 21 8 847 165 317 309 3211 8897 63 106 246 122 8 135 2815 455 839 1 4 9;33 34 34 34 33 34 34 0 0 0 0 0 0 0 0 0 0 0 0 0 0 0 0 0 0 0 0 0 1 2;55 56 56 56 33 34 34 33 0 0 0 0 33 34 0 0 33 0 0 33 34 0 0 0 33 0 0 0 1 2;1 1 1 1 1 1 1 1 1 1 1 1 1 1 1 1 1 1 1 1 1 1 1 1 1 1 1 1 1 1;
;105 2 7827 38 34 13322 2840 552 3047 294 67 383 2706 2085 343 1 4 61;0 0 0 0 9 0 0 0 0 0 0 0 0 0 0 0 1 2;33 0 33 34 13 33 33 33 33 33 0 33 33 33 33 0 1 2;1 1 1 1 1 1 1 1 1 1 1 1 1 1 1 1 1 1;
;1112 237 833 4484 242 0 2 0 364 5;0 0 0 0 0 0 0 0 1 2;0 33 33 34 0 0 0 0 1 2;1 1 1 1 1 1 1 1 1 1;
;404 3718 351 46 119 317 1517 607 5038 0 1241 120 13611 323 540 289 2560 1 841 69 1 1368 5;1 2 2 0 0 0 0 0 0 0 0 0 0 0 0 0 0 0 0 0 0 1 2;1 2 2 0 33 0 33 0 33 0 33 34 31 0 0 0 33 0 33 33 0 1 2;1 1 1 1 1 1 1 1 1 1 1 1 1 1 1 1 1 1 1 1 1 1 1;
;1400 1593 912 1896 54068 0 2 0 2628 649 141 2 315 2 35 19 2 41 72;0 0 0 0 0 0 0 0 0 0 0 0 0 0 0 0 0 1 2;0 0 21 33 33 0 0 0 33 33 34 0 33 0 21 22 0 1 2;1 1 1 1 1 1 1 1 1 1 1 1 1 1 1 1 1 1 1;
;1639 819 18 2272 9175 272 417 82 2517 1503 687 83;0 0 0 0 0 0 0 0 0 0 0 0;33 34 33 33 0 33 0 0 21 22 22 0;1 1 1 1 1 1 1 1 1 1 1 1;
;126 22 1490 21 5036 327 2783 3 41 64 337 64 12 21 41 64 1302 358 5036 327 2841 227 322 60 0 2 0 612 295 42;0 0 0 0 0 0 0 0 0 0 0 0 0 0 0 0 0 0 0 0 0 0 17 0 0 0 0 1 2 2;21 22 33 0 33 0 33 0 0 0 33 0 33 34 34 0 33 0 33 0 0 0 1 0 0 0 0 1 2 2;1 1 1 1 1 1 1 1 1 1 1 1 1 1 1 1 1 1 1 1 1 1 1 1 1 1 1 1 1 1;
;64 1173 70 2327 86 1782 530 8796 3 233 284 1184 7682 3768 63 4193 7682 6 2065 233 5839 21 91 7969 60 233 3 28070 2281 21 91 60 2255 10 39 127 217 1 4 130 112;0 23 24 24 24 0 0 0 0 0 0 0 0 0 0 0 0 0 0 0 0 0 0 0 0 0 0 0 0 0 0 0 0 0 0 0 0 0 1 2 2;0 29 30 30 30 0 33 33 0 0 0 33 0 33 0 33 0 0 0 0 33 0 0 33 0 0 0 33 33 0 0 0 33 0 33 34 0 0 1 2 2;1 1 1 1 1 1 1 1 1 1 1 1 1 1 1 1 1 1 1 1 1 1 1 1 1 1 1 1 1 1 1 1 1 1 1 1 1 1 1 1 1;
;16753 1870 7009 241 1019 21986 258 0 2 0 324 308 0 2 0 1637 1714 5 6 680 1246 491;9 10 0 0 0 0 0 0 0 0 0 0 0 0 0 1 2 2 0 0 0 0;13 14 33 33 34 33 0 0 0 0 33 34 0 0 0 1 2 2 0 33 34 34;1 1 1 1 1 1 1 1 1 1 1 1 1 1 1 1 1 1 1 1 1 1;
;20578 19925 1 6950 20578 19925 1900 280 6 3792 1 20578 19925 30 215 6 2054 24 2 3792 499 1900 280 5;9 10 0 9 9 10 0 0 0 0 0 9 10 0 0 0 0 0 0 1 2 0 1 2;13 14 0 13 13 14 33 34 0 33 0 13 14 33 34 0 33 0 0 1 2 33 34 0;1 1 1 1 1 1 1 1 1 1 1 1 1 1 1 1 1 1 1 1 1 1 1 1;
;23914 22 3 1847 783 1 4 61;0 0 0 0 0 0 1 2;33 33 34 34 0 0 1 2;1 1 1 1 1 1 1 1;
;73 484 406 44 6 35 6396 1 2349 24686 926;0 0 0 0 0 0 0 0 0 0 0;35 36 36 33 0 33 0 0 33 33 33;1 1 1 1 1 1 1 1 1 1 1;
;650 17364 8691 2204 565 63 2425 1294 199 1 4 9;17 18 18 18 18 0 9 10 10 0 1 2;13 13 33 33 34 0 13 14 0 0 1 2;1 1 1 1 1 1 1 1 1 1 1 1;
;1860 12001 47754 1390 3 1156 3213 0 2 0 738 4906 738 609;0 0 0 0 0 0 0 0 0 0 17 18 0 0;0 0 33 34 0 33 33 0 0 0 31 32 33 34;1 1 1 1 1 1 1 1 1 1 1 1 1 1;
;139 3463 144 800 4954 2965 14431 4156 32 82 173 1091 2824 33868 83 3 13914 3322 1 42453 1 114 204;0 0 0 0 0 0 0 0 0 0 0 0 21 22 0 0 0 0 0 21 0 1 2;0 33 0 0 0 33 33 33 0 0 0 0 0 0 0 0 33 33 0 27 0 1 2;1 1 1 1 1 1 1 1 1 1 1 1 1 1 1 1 1 1 1 1 1 1 1;
;16961 15 216 22211 203 1 316 3005 1034 2864 16961 43 1 4 47;21 0 0 0 0 0 45 46 46 46 0 0 0 1 2;27 0 0 33 0 0 33 34 34 34 27 0 0 1 2;1 1 1 1 1 1 1 1 1 1 1 1 1 1 1;
;14 68 16 28292 57716 2225 390 69 1 28292 57716 2225 390 4317 1 110 54 115;0 0 0 0 0 0 0 0 0 0 0 0 0 0 0 17 18 18;0 0 0 11 12 21 0 33 0 11 12 21 0 0 0 1 2 2;1 1 1 1 1 1 1 1 1 1 1 1 1 1 1 1 1 1;
;9337 1634 54 19557 16153 178 2130 1146 1 5565 4747 9594 19 1 5502 315;45 46 0 0 11 0 0 0 0 0 0 0 0 0 0 0;53 54 0 33 33 0 33 33 0 53 54 54 33 0 1 2;1 1 1 1 1 1 1 1 1 1 1 1 1 1 1 1;
;52 2311 567 32 1574 37 7654 6351 228 7 57 764 2 247 268;0 0 0 0 0 0 0 0 0 0 0 0 0 17 0;0 33 33 0 33 33 21 22 0 0 33 34 0 31 21;1 1 1 1 1 1 1 1 1 1 1 1 1 1 1;
;14 39735 60541 0 4136 6371 16 307 1 927 1 44 1 100 1 23 227119 25 39735 60541 0 4136 6371 4086 184 307 2 2566 1533 31;0 23 24 24 24 24 0 0 0 0 0 0 0 0 0 0 17 0 23 24 24 24 24 23 24 0 0 0 1 2;0 29 30 30 30 30 0 33 0 33 0 33 0 33 0 0 31 0 29 30 30 30 30 29 30 33 0 1 1 2;1 1 1 1 1 1 1 1 1 1 1 1 1 1 1 1 1 1 1 1 1 1 1 1 1 1 1 1 1 1;
;1267 3361 6212 2374 2 4972 191 573;9 10 10 0 0 9 1 2;13 14 14 33 0 13 1 2;1 1 1 1 1 1 1 1;
;2114 1334 603 5871 15 273 203 17 0 2 0 296 5860 0 2 0 4904 0 2 0 2240 0 2696 0 709 197;0 0 0 0 0 0 0 0 0 0 0 0 0 0 0 0 17 0 0 0 0 0 0 0 1 2;0 0 0 33 0 33 0 0 0 0 0 33 33 0 0 0 31 0 0 0 33 0 33 0 1 2;1 1 1 1 1 1 1 1 1 1 1 1 1 1 1 1 1 1 1 1 1 1 1 1 1 1;
;14 338613 77657 2133 223 183 592 76 16 37 1 87 1 44 0 2 427 262 318 5;0 0 0 0 23 24 24 24 0 0 0 0 0 0 0 0 0 0 1 2;0 33 29 33 29 30 30 30 0 33 0 31 0 33 0 0 33 31 1 2;1 1 1 1 1 1 1 1 1 1 1 1 1 1 1 1 1 1 1 1;
;13 29 1267 1358 317 9191 4508 17965 393 3 4259 1 1441 2 806 2 35 19 2 41 72;0 0 0 0 0 0 0 0 0 0 0 0 0 0 0 0 0 0 0 1 2;33 34 33 33 0 33 0 33 0 0 33 0 33 0 33 0 21 22 0 1 2;1 1 1 1 1 1 1 1 1 1 1 1 1 1 1 1 1 1 1 1 1;
;2157 99 32 371 583 89355 3 454 59 742 59 1 4 9;23 24 0 0 0 0 0 0 0 0 0 0 1 2;29 30 0 21 22 22 0 33 0 0 0 0 1 2;1 1 1 1 1 1 1 1 1 1 1 1 1 1;
;2102 11615 30 225 40 1 4 9;0 0 0 0 0 0 1 2;33 33 33 34 33 0 1 2;1 1 1 1 1 1 1 1;
;7976 18 906 134 11 256 384 60 1 4 9 0;0 0 0 0 0 0 0 0 0 1 2 0;33 33 33 0 0 0 33 0 0 1 2 0;1 1 1 1 1 1 1 1 1 1 1 1;
;49 1307 3787 1820 8351 3 530 29 5038 406 266 52 62 5914 406 266 260 941 8 3191 15298 117 38 8 3285 151 353 1307 174 284 45 11175 8 10794 898 2859 59 186 266 17 90 96 3 214;0 27 28 28 28 28 28 28 28 28 28 0 0 0 0 0 0 0 0 0 0 0 0 0 0 0 0 0 0 0 0 0 0 0 0 0 0 0 0 0 0 0 0 0;0 35 36 36 36 36 36 36 36 36 36 0 0 33 34 34 33 33 0 33 33 33 34 0 33 33 0 33 34 33 34 33 0 33 34 34 0 0 33 0 55 56 56 0;1 1 1 1 1 1 1 1 1 1 1 1 1 1 1 1 1 1 1 1 1 1 1 1 1 1 1 1 1 1 1 1 1 1 1 1 1 1 1 1 1 1 1 1;
;5613 115 2762 11 119 242 6657 324 6 560 242 3 324 549 514 119 242 122 283 246 54 127 7 5613 115 2762 3 560 242 514 119 242 122 91 324 60 23 1315 309 3335 698 4631 887 6 555 3212 25 1 4 130 112;21 0 0 0 0 0 0 0 0 0 0 0 0 0 0 0 0 0 0 0 0 0 0 21 0 0 0 0 0 0 0 0 0 0 0 0 0 0 0 0 0 0 0 0 0 0 0 0 1 2 2;27 33 34 0 33 0 33 0 0 33 34 33 34 0 0 33 0 0 33 34 34 34 0 27 33 34 0 33 34 0 33 0 0 0 0 0 0 0 0 33 34 33 33 0 0 33 0 0 1 2 2;1 1 1 1 1 1 1 1 1 1 1 1 1 1 1 1 1 1 1 1 1 1 1 1 1 1 1 1 1 1 1 1 1 1 1 1 1 1 1 1 1 1 1 1 1 1 1 1 1 1 1;
;4392 18540 1523 4392 28215 4801 974 10 27062 7 7765 10 20 156 1 4 209 132;0 0 0 0 0 0 0 0 0 0 0 0 0 0 0 17 23 24;0 33 34 34 34 34 0 0 0 0 33 33 34 33 0 31 29 30;1 1 1 1 1 1 1 1 1 1 1 1 1 1 1 1 1 1;
;3811 82 1475 577 2409 83 1245 45 3 81 229 176 4998 1 4 61;0 0 0 0 0 0 0 0 0 0 0 0 0 0 1 2;33 0 33 34 34 0 33 33 34 0 33 0 33 0 1 2;1 1 1 1 1 1 1 1 1 1 1 1 1 1 1 1;
;14 23474 299 849 101 516 269 36 23474 299 849 101 2003 16 0 2 0 2158 702 1579;0 0 0 0 0 0 0 0 9 0 0 0 0 0 0 0 0 9 17 18;0 13 33 11 12 33 34 0 13 33 11 12 33 0 0 0 0 13 1 2;1 1 1 1 1 1 1 1 1 1 1 1 1 1 1 1 1 1 1 1;
;49 744 71 5109 48 367 361;0 0 0 0 0 0 0;0 33 34 35 0 33 33;1 1 1 1 1 1 1;
;3199 3 16246 15 20553 26 80 5192 3199 3 16246 26 250 5192 3199 3 16246 1 1469 400 3955 1 1780 54 115 5;0 0 37 0 0 0 0 0 0 0 37 0 0 0 0 0 37 0 0 0 0 0 1 2 2 2;0 0 45 0 33 0 0 33 0 0 45 0 0 33 0 0 45 0 33 34 33 0 1 2 2 2;1 1 1 1 1 1 1 1 1 1 1 1 1 1 1 1 1 1 1 1 1 1 1 1 1 1;
;11948 1822 4843 3209 795 30 906 10 12 10 135 1934 3209 121 3910 1 4 9;5 0 0 0 0 0 0 0 0 0 0 0 0 0 0 0 1 2;9 0 33 33 33 0 33 33 34 34 0 33 33 0 33 0 1 2;1 1 1 1 1 1 1 1 1 1 1 1 1 1 1 1 1 1;
;90 3157 12 3157 614 509 730 216 123 0 17958 38253 1 31337 43 1 4 47;0 0 0 0 0 0 0 0 0 0 0 0 0 0 0 0 1 2;33 34 34 34 0 0 33 33 34 0 33 0 0 13 0 0 1 2;1 1 1 1 1 1 1 1 1 1 1 1 1 1 1 1 1 1;
;340 102 38 118 58 5388 256 1161 394 150 3182 17 2 2 340 27 394 5488 69 696 153;9 0 0 0 0 0 0 0 0 0 0 0 0 0 17 18 18 18 18 18 18;13 33 34 33 34 33 0 33 34 34 33 0 0 0 13 14 31 32 32 32 32;1 1 1 1 1 1 1 1 1 1 1 1 1 1 1 1 1 1 1 1 1;
;1226 372 230 10 80 14770 3 17 0 2 0 1268 3533 3 1487 0 2 0 605;0 0 0 0 0 0 0 0 0 0 0 21 22 0 0 0 0 0 1;33 34 0 33 34 0 0 0 0 0 0 33 34 0 33 0 0 0 1;1 1 1 1 1 1 1 1 1 1 1 1 1 1 1 1 1 1 1;
;12547 3885 992 3 11 5171 24 17 1 12547 358 43 1 4 47;0 0 0 0 0 0 0 0 0 0 0 0 0 1 2;21 22 33 34 0 33 0 0 0 37 38 0 0 1 2;1 1 1 1 1 1 1 1 1 1 1 1 1 1 1;
;142 310 108 458 1025 1 761 5;0 0 0 0 0 0 1 2;33 34 33 33 34 0 1 2;1 1 1 1 1 1 1 1;
;14 2442 2691 16681 446 16 1 2442 2691 2163 5680 74 6960 778 1 4 493;0 0 9 10 0 0 0 0 0 0 0 0 0 0 0 1 2;0 33 34 33 33 0 0 33 34 33 0 0 33 0 0 1 2;1 1 1 1 1 1 1 1 1 1 1 1 1 1 1 1 1;
;768 2283 21 15 1082 6971 5189 249 79 1 4 79 9;0 37 0 0 0 0 0 0 0 0 0 0 0;33 33 0 0 33 33 33 0 21 0 21 22 22;1 1 1 1 1 1 1 1 1 1 1 1 1;
;11145 22517 0 14 19466 16 0 2 0 188 271 202;19 20 0 0 19 0 0 0 0 5 6 6;33 34 0 0 25 0 0 0 0 33 34 34;1 1 1 1 1 1 1 1 1 1 1 1;
;402 133 228600 133 817 20 133 228600 133 206 3 1809 1 4 130 112;0 0 0 0 0 0 0 0 0 0 0 0 0 1 2 2;33 0 0 0 0 0 0 0 0 0 0 33 0 1 2 2;1 1 1 1 1 1 1 1 1 1 1 1 1 1 1 1;
;34 169 1439 8 5768 134 17425 8 526 17425 3 180 160 215 21 1 297 186 43 1 4 47;0 0 0 0 0 0 0 0 0 0 0 0 0 0 0 0 0 0 0 0 1 2;33 34 0 0 0 0 33 0 0 33 0 0 0 0 0 0 33 34 0 0 1 2;1 1 1 1 1 1 1 1 1 1 1 1 1 1 1 1 1 1 1 1 1 1;
;95124 481;0 0;0 33;1 1;
;58846 81 354 45 1402 1247 165 41 0 12 6471 2138 19841 23 68 25 1 167 131 1 34 5;21 0 0 0 0 0 0 0 0 0 0 0 0 0 0 0 0 0 0 0 1 2;27 33 34 0 33 34 34 34 0 0 33 33 33 0 0 0 0 33 33 0 1 2;1 1 1 1 1 1 1 1 1 1 1 1 1 1 1 1 1 1 1 1 1 1;
;760 8684 3 5793 77770 4026 1 2087 5;0 0 0 0 0 0 0 1 2;0 33 0 33 33 33 0 1 2;1 1 1 1 1 1 1 1 1;
;58069 10612 714 53399 13 4604 23 68 25 1 188 69 108;0 37 0 0 0 0 0 0 0 0 17 18 18;33 45 0 0 33 34 0 0 0 0 9 10 33;1 1 1 1 1 1 1 1 1 1 1 1 1;
;222 20081 0 72076 2 66263 0 14843 2 22880 5 897 100 0;0 17 0 0 0 0 0 0 0 1 2 0 0 0;0 29 30 30 0 0 0 29 0 1 2 33 33 0;1 1 1 1 1 1 1 1 1 1 1 1 1 1;
;14 239 30566 193 40 16 137 9560 0 239 30566 193 170 40;0 0 0 0 0 0 0 17 0 0 0 0 0 0;0 0 33 21 22 0 21 31 0 0 33 33 33 33;1 1 1 1 1 1 1 1 1 1 1 1 1 1;
;1483 6453 311 14 7635 16 0 6453 1607 3 7581 17247 59 59 59 59 1 3444 43 1 4 47;0 0 0 0 0 0 0 0 0 0 0 0 0 0 0 0 0 0 0 0 1 2;0 35 36 0 0 0 0 33 34 0 33 33 0 0 0 0 0 1 2 0 1 2;1 1 1 1 1 1 1 1 1 1 1 1 1 1 1 1 1 1 1 1 1 1;
;780 90 23382 1 120378 276 2 841 45547 3190 1118 22852 0 2 1031 2 35 979 19 2 41 72;19 20 20 0 0 0 0 0 0 0 0 0 0 0 0 0 0 0 0 0 1 2;25 26 26 0 0 0 0 33 33 33 33 33 0 0 33 0 33 33 33 0 1 2;1 1 1 1 1 1 1 1 1 1 1 1 1 1 1 1 1 1 1 1 1 1;
;14 2108 18111 2957 20171 16 1 2108 18111 2957 20171 37 1 2108 18111 2957 20171 104 1 2108 18111 2957 20171 87 1 395 5 0;0 0 31 0 31 0 0 0 31 0 31 0 0 0 31 0 31 0 0 0 31 0 31 0 0 1 2 0;0 0 39 0 39 0 0 0 39 0 39 33 0 0 39 0 39 33 0 0 39 0 39 31 0 1 2 0;1 1 1 1 1 1 1 1 1 1 1 1 1 1 1 1 1 1 1 1 1 1 1 1 1 1 1 1;
;550 38 24258 18207 108 7020 3484 6949 53 31 291 53 387 5 8 19 35 31 95;0 0 17 18 18 0 0 0 0 0 0 0 1 2 0 0 0 0 0;33 34 31 32 32 33 34 33 0 21 22 0 1 2 0 21 22 33 34;1 1 1 1 1 1 1 1 1 1 1 1 1 1 1 1 1 1 1;
;14626 43 46 20 876 93 1382 20378 17 1 39 13 268;0 0 0 0 0 0 0 0 0 0 0 0 0;33 34 0 0 33 0 33 33 0 0 33 34 34;1 1 1 1 1 1 1 1 1 1 1 1 1;
;65835 115318 122948 1690 57 36 378 590 63878 65835 115318 122948 1690 57 1825 849 460 4842 36 398 36 307 36 44 0 849 101 0 34 110 5;0 0 0 0 0 0 0 0 0 0 0 0 0 0 0 0 7 8 0 0 0 0 0 0 0 0 0 0 1 2 2;21 0 21 33 34 0 33 0 33 21 0 21 33 34 0 0 11 12 0 33 0 33 0 33 0 11 12 0 1 2 2;1 1 1 1 1 1 1 1 1 1 1 1 1 1 1 1 1 1 1 1 1 1 1 1 1 1 1 1 1 1 1;
;4558 1221 1 4558 1221 37 1 410 4558 1221 104 26 182 0 2 0 111;11 0 0 11 0 0 0 0 11 0 0 0 0 0 0 0 17;15 0 0 15 0 33 0 33 15 0 33 0 33 0 0 0 31;1 1 1 1 1 1 1 1 1 1 1 1 1 1 1 1 1;
;14070 514 22679 1 4 253;0 0 0 0 1 2;21 22 22 0 1 2;1 1 1 1 1 1;
;6088 1228 152 1217 6 799 12 76167 1 4 9;0 0 0 0 0 0 0 0 0 1 2;0 33 0 0 0 33 34 34 0 1 2;1 1 1 1 1 1 1 1 1 1 1;
;59909 46 22 236 2272 34 9475 3 23837 42 54 13 1 188 119;21 0 0 0 0 9 9 0 0 0 0 0 0 17 18;27 0 33 34 33 13 13 0 33 34 0 0 0 31 33;1 1 1 1 1 1 1 1 1 1 1 1 1 1 1;
;10483 18 14166 16803 758 305 434 2526 12029 0 2 0 738 4906 738 372;0 0 0 0 0 0 0 0 0 0 0 0 17 18 0 0;33 34 33 33 33 33 33 34 33 0 0 0 31 32 21 22;1 1 1 1 1 1 1 1 1 1 1 1 1 1 1 1;
;17761 675 297 1 709 253 0;0 0 0 0 0 0 0;21 22 22 0 1 2 0;1 1 1 1 1 1 1;
;14 2482 1287 3227 16 1 2482 1287 3227 37 1 2482 1287 3227 104 1 2482 1287 3227 87 1 395 5 0;0 0 0 0 0 0 0 0 0 0 0 0 0 0 0 0 0 0 0 0 0 1 2 0;0 33 34 34 0 0 33 34 34 33 0 33 34 34 33 0 33 34 34 31 0 1 2 0;1 1 1 1 1 1 1 1 1 1 1 1 1 1 1 1 1 1 1 1 1 1 1 1;
;79101 1211 2629 13 522 6 146 173 6 151 173 6 431 173 6 1145 13 522 1211 2629 196 1 4675 1211 2629;9 0 0 0 0 0 0 0 0 0 0 0 0 0 0 0 0 0 0 0 0 0 0 0 0;13 25 26 33 34 0 33 34 0 33 0 0 33 34 0 33 9 10 10 10 33 0 0 25 26;1 1 1 1 1 1 1 1 1 1 1 1 1 1 1 1 1 1 1 1 1 1 1 1 1;
;9278 0 41908 0 2602 266 14311 0 2 0 19473 3 12438 0 2 0 204 292;0 0 0 0 0 0 0 0 0 0 0 0 0 0 0 0 1 2;33 0 33 0 33 33 33 0 0 0 33 0 33 0 0 0 1 2;1 1 1 1 1 1 1 1 1 1 1 1 1 1 1 1 1 1;
;102 984 750 168 7155 1388 3464 46 121 15847 68872 145 3309 1 4 61;0 9 39 40 0 0 0 0 0 0 0 0 0 0 1 2;33 13 47 48 47 35 33 0 0 21 22 33 34 0 1 2;1 1 1 1 1 1 1 1 1 1 1 1 1 1 1 1;
;83658 50 290 15 124 1 83658 50 290 416 865 408 5724 57 2364 8 2 2659 5;17 18 18 0 0 0 0 0 0 0 0 0 0 0 0 0 0 1 2;0 33 34 0 0 0 0 33 34 33 34 0 33 0 0 0 0 1 2;1 1 1 1 1 1 1 1 1 1 1 1 1 1 1 1 1 1 1;
;2424 88 27 4243 75 2655 521 510 7105 2496 4775 1029 1 4 61;0 9 10 9 10 0 0 0 0 0 0 0 0 1 2;33 13 14 13 14 33 34 33 34 34 34 33 0 1 2;1 1 1 1 1 1 1 1 1 1 1 1 1 1 1;
;21592 8060 472 29 97 118 762 900 42 5482 46 1212792 1948 7294 154 85 1891 2 247 69;0 0 0 0 0 0 0 0 0 0 0 21 0 0 0 0 0 0 0 0;33 34 33 0 27 28 0 33 34 0 0 27 0 0 33 34 33 0 9 10;1 1 1 1 1 1 1 1 1 1 1 1 1 1 1 1 1 1 1 1;
;511 241 1126 1726 1 4 9;0 0 0 0 0 1 2;0 0 0 0 0 1 2;1 1 1 1 1 1 1;
;80 1133 1027 3 63 50 1268 3 4806 60 3560 30 16067 109 1027 93 3063 50 1268 3 4806 7 0 2 0 612 295 42;0 0 0 0 0 0 0 0 0 0 0 0 0 0 0 0 0 0 0 0 0 0 0 0 0 1 2 2;0 0 33 0 33 34 0 0 33 0 33 0 33 0 33 0 33 33 34 0 33 0 0 0 0 1 2 2;1 1 1 1 1 1 1 1 1 1 1 1 1 1 1 1 1 1 1 1 1 1 1 1 1 1 1 1;
;445 437 49597 2 210 2 35 19 2 41 72;39 40 0 0 0 0 0 0 0 1 2;47 48 33 0 33 0 21 22 0 1 2;1 1 1 1 1 1 1 1 1 1 1;
;8680 1995 8167 1 31 1688 1 31 1688 5 1 632 400 1688 1 9338 1688 1 2932 1242 5;31 32 0 0 0 0 0 0 0 0 0 0 0 0 0 0 0 0 1 2 2;39 40 33 0 33 34 0 33 34 0 0 21 22 22 0 33 34 0 1 2 2;1 1 1 1 1 1 1 1 1 1 1 1 1 1 1 1 1 1 1 1 1;
;11 13 29 1597 8 1001 13989 190 488 8 999 190 488 1001 89 11 166 350 3007 4659 8 8269 1868 190 488 762 9 350 3 3570 8 350 3 13989 59 1 4 9;0 0 0 0 0 0 0 0 0 0 0 0 0 0 0 0 0 0 0 0 0 0 0 0 0 0 0 0 0 0 0 0 0 0 0 0 1 2;0 33 34 33 0 33 34 33 34 0 0 33 34 33 33 34 0 0 33 33 0 33 34 33 34 21 22 33 34 33 0 33 34 33 0 0 1 2;1 1 1 1 1 1 1 1 1 1 1 1 1 1 1 1 1 1 1 1 1 1 1 1 1 1 1 1 1 1 1 1 1 1 1 1 1 1;
;22852 4763 2627 527 58 12 58 166 1908 12 33 1 4 9;0 0 0 0 0 0 0 0 0 0 0 0 1 2;33 33 0 0 33 34 34 0 33 33 34 0 1 2;1 1 1 1 1 1 1 1 1 1 1 1 1 1;
;15 3356 2680 4352 762 12 1648 17 129 422 2722 317 1228 17022 72310 7851 59 2 2680 36 4352 2 1905 5 207;0 0 0 0 0 0 0 0 0 0 0 0 0 0 0 0 0 0 0 0 0 0 1 2 0;0 0 21 22 0 0 0 0 0 0 33 0 33 33 34 34 0 0 33 0 33 0 1 2 33;1 1 1 1 1 1 1 1 1 1 1 1 1 1 1 1 1 1 1 1 1 1 1 1 1;
;49 10632 569 48 755 33433 725 68573 8 2712 659 13 10782 7764 8876 3 12613 37299 59 1 69 1 12044 3309;45 46 46 46 0 0 21 22 0 0 0 0 0 0 0 0 0 0 0 0 0 0 0 0;33 34 34 34 0 33 27 28 0 33 0 33 34 33 34 0 33 33 0 0 33 0 33 0;1 1 1 1 1 1 1 1 1 1 1 1 1 1 1 1 1 1 1 1 1 1 1 1;
;1410 6558 64 82 7637 14550 83 369 2463 12917 0 106 353 122 42 1574 2241 9308 1 188 69 108;9 0 0 0 23 24 0 0 0 0 0 0 0 0 0 0 0 0 0 0 0 0;13 33 0 0 29 30 0 0 33 0 0 0 33 34 0 33 0 33 0 9 10 33;1 1 1 1 1 1 1 1 1 1 1 1 1 1 1 1 1 1 1 1 1 1;
;1269 345 808 1546 1 4 61;0 0 0 0 0 1 2;33 34 33 34 0 1 2;1 1 1 1 1 1 1;
;5687 5 2 1389;0 0 0 0;0 0 0 33;1 1 1 1;
;105 38 57 97 3254 663 3266 24289 1018 2732 832 59 0;0 0 0 0 0 0 0 0 0 0 0 0 0;33 34 33 34 0 33 0 33 0 33 33 0 0;1 1 1 1 1 1 1 1 1 1 1 1 1;
;26548 837 81 5382 13583 3147 3259 1891 0 3625 3441 1791 20187 1 188 268;17 18 0 0 0 0 0 0 0 0 0 0 0 0 23 24;31 32 33 34 33 34 0 33 0 33 34 33 33 0 29 30;1 1 1 1 1 1 1 1 1 1 1 1 1 1 1 1;
;139 389 69 5283 144 113 3172 1056 632 830 688 394 583 2850 4529 2280 26054 1 69 131 1 1337 5 23 2867 7 65 25;0 19 20 20 0 0 0 0 0 0 0 0 0 0 0 9 9 0 0 0 0 1 2 0 0 0 0 0;0 25 26 26 0 0 33 34 33 34 0 33 0 33 33 13 13 0 31 32 0 1 2 0 31 33 34 0;1 1 1 1 1 1 1 1 1 1 1 1 1 1 1 1 1 1 1 1 1 1 1 1 1 1 1 1;
;1796 53685 1469 381 5425 0 1796 0 1469 381 0 823 33 0 1 1113 1186 5;0 0 0 0 0 0 0 0 0 0 0 0 0 0 0 1 2 2;13 33 33 33 33 0 13 0 33 33 0 0 0 0 0 1 2 2;1 1 1 1 1 1 1 1 1 1 1 1 1 1 1 1 1 1;
;34 461 218 27 4008 75 4008 75 3814 6992 873 23505 56 503 25387 1267 99 642 5437 8 218 4462 1306 9550 28 18 1461 108 3 147 0 2 0 218 469;9 0 9 10 9 10 9 10 9 10 10 10 10 10 0 0 0 0 0 0 17 18 18 18 18 18 18 18 0 0 0 0 0 27 28;13 13 14 14 13 14 13 14 0 0 0 33 33 34 0 33 0 0 0 0 13 0 0 33 33 34 33 34 0 33 0 0 0 33 34;1 1 1 1 1 1 1 1 1 1 1 1 1 1 1 1 1 1 1 1 1 1 1 1 1 1 1 1 1 1 1 1 1 1 1;
;84169 14217 3726 161 508 0 2 0 421 499 480 480;21 0 0 0 0 0 0 0 1 2 2 2;27 33 33 33 34 0 0 0 1 2 2 2;1 1 1 1 1 1 1 1 1 1 1 1;
;1251 56 77 1116 34011 0 137 1327 0 195 2829 458 0 2 0 7748 301;27 28 28 28 28 0 0 0 0 0 0 0 0 0 0 1 2;35 36 36 36 36 0 21 33 0 0 1 2 0 0 0 1 2;1 1 1 1 1 1 1 1 1 1 1 1 1 1 1 1 1;
;598 27 8823 1878 565 0;17 18 18 18 18 0;31 32 32 32 32 0;1 1 1 1 1 1;
;34 3446 42742 1244 7707 278 12745 46 338 4260 1287 3 1730 20238 59 1 25814 5;9 0 0 0 0 0 0 0 9 0 0 0 0 37 0 0 1 2;13 33 33 33 33 34 34 0 13 33 0 0 0 33 0 0 1 2;1 1 1 1 1 1 1 1 1 1 1 1 1 1 1 1 1 1;
;23736 67 31700 0 2 0 364 5;0 0 0 0 0 0 1 2;25 26 26 0 0 0 1 2;1 1 1 1 1 1 1 1;
;250 5828 385 10 5680 194 274 859 194 9443 17 1 4 209 132;0 0 0 0 0 0 0 37 38 38 0 0 17 23 24;0 33 0 0 0 0 0 45 46 46 0 0 31 29 30;1 1 1 1 1 1 1 1 1 1 1 1 1 1 1;
;4330 63 11616 1128 110 15 589 1 4 9;9 0 9 0 0 0 0 0 1 2;13 0 13 0 33 33 34 0 1 2;1 1 1 1 1 1 1 1 1 1;
;4743 816 3628 2473 18 62 1552 32726 1941 286 28 18 66 102 137 116 71 1 123 1 147 0 2 0 489 2182 5;9 10 10 0 0 0 17 18 18 18 18 18 0 0 0 0 0 0 0 0 0 0 0 0 1 2 2;33 33 33 33 33 0 13 33 33 33 33 34 0 33 21 33 34 0 33 0 33 0 0 0 1 2 2;1 1 1 1 1 1 1 1 1 1 1 1 1 1 1 1 1 1 1 1 1 1 1 1 1 1 1;
;172 8518 777 1185 5828 3756 49 1816 1016 329 48 1 4 61;0 0 0 0 0 0 0 0 0 0 0 0 1 2;21 22 33 0 33 33 33 34 34 34 34 0 1 2;1 1 1 1 1 1 1 1 1 1 1 1 1 1;
;283 29 97 3 79 5683 8 16032 8 2554 18244 240 1560 7622 2548 10 15 441 17 1 4 79 9;0 0 0 0 0 0 0 0 0 0 0 0 0 29 0 0 0 0 0 0 0 0 0;0 0 0 0 21 33 0 33 0 0 0 0 0 55 0 0 35 36 36 0 21 22 22;1 1 1 1 1 1 1 1 1 1 1 1 1 1 1 1 1 1 1 1 1 1 1;
;14 352 22419 0 82538 0 9250 1201 4555 6113 1180 477 39239 52 2 85 0 1969 1712 8595 0 29552 5045 8595 0 5158 518 8595 16 37 6 87 6 44 6 685 86 6 6508 27 82538 1567 359 2 395 5;0 0 0 0 0 0 0 0 0 0 0 0 0 0 0 0 0 23 24 24 0 0 0 0 0 0 0 29 0 0 0 0 0 0 0 0 0 0 17 18 18 18 18 0 1 2;0 33 33 0 0 0 0 0 0 33 0 0 33 0 0 0 0 29 30 30 0 21 22 22 0 0 0 33 0 33 0 31 0 33 0 29 30 0 13 14 0 33 0 0 1 2;1 1 1 1 1 1 1 1 1 1 1 1 1 1 1 1 1 1 1 1 1 1 1 1 1 1 1 1 1 1 1 1 1 1 1 1 1 1 1 1 1 1 1 1 1 1;
;85 26 133423 1574 486 62 46481 2 20843 538 66 0 2 0 40648 0 139737;0 0 0 0 0 0 0 0 0 0 0 0 0 0 17 0 0;0 0 0 33 0 0 33 0 0 33 0 0 0 0 31 0 0;1 1 1 1 1 1 1 1 1 1 1 1 1 1 1 1 1;
;1531 51 190 12670 532 799 30 910 4383 1758 56 3967 12 10 424 2193 0 2 0 69 108 0 1542 69 5 0 8926 31;0 0 0 0 0 0 0 0 0 0 0 0 0 0 0 0 0 0 0 0 0 0 0 0 0 0 1 2;33 0 0 33 34 0 0 0 33 33 34 33 34 0 33 34 0 0 0 33 34 0 21 22 0 0 1 2;1 1 1 1 1 1 1 1 1 1 1 1 1 1 1 1 1 1 1 1 1 1 1 1 1 1 1 1;
;1489 1580 0 2 0 54769 1119 75 1559 5;0 0 0 0 0 9 0 0 1 2;33 33 0 0 0 13 33 34 1 2;1 1 1 1 1 1 1 1 1 1;
;4239 230 46 24254 118 22 80 11473 8517 9320 1 1 624 56642 1 1 114 204;0 0 0 0 0 0 0 0 0 0 0 0 0 0 0 0 1 2;21 22 0 33 0 0 0 33 33 33 0 0 33 27 0 0 1 2;1 1 1 1 1 1 1 1 1 1 1 1 1 1 1 1 1 1;
;29486 24110 67 2138 11023 1394 0 248 1123 43391 960 12617 1 912 167 1 114 5;21 22 0 0 0 0 0 0 0 0 0 0 0 0 0 0 1 2;27 28 0 33 33 33 0 33 34 34 33 34 0 33 34 0 1 2;1 1 1 1 1 1 1 1 1 1 1 1 1 1 1 1 1 1;
;842 36186 0 3300 0 32 8809 0 20299 892 755 33 1 4 9;23 24 0 0 0 0 23 0 0 0 0 0 0 1 2;29 30 0 29 0 0 29 0 0 0 0 0 0 1 2;1 1 1 1 1 1 1 1 1 1 1 1 1 1 1;
;4952 27 4272 153 1554 6619 80479 954 7589 58 1 308 27 6326 1 18254 5;17 18 18 18 0 0 0 0 0 0 0 0 0 0 0 1 2;31 32 32 32 33 33 33 33 33 0 0 33 34 33 0 1 2;1 1 1 1 1 1 1 1 1 1 1 1 1 1 1 1 1;
;1981 54 1557 2442 27 376 10 43375 38167 3 1119 1947 50 376 2 1628 50377;9 10 10 9 10 10 0 0 0 0 0 0 0 0 0 0 9;13 14 14 13 14 14 0 33 34 0 27 28 0 0 0 33 13;1 1 1 1 1 1 1 1 1 1 1 1 1 1 1 1 1;
;102 2 5356 38 34 1470 2434 819 1609 172 67 286 2560 294 343 23 1272 25 1 504 1 4 61;0 0 0 0 9 0 0 0 0 0 0 0 0 0 0 0 0 0 0 0 0 1 2;33 0 33 34 13 33 34 33 33 33 0 33 33 34 33 0 33 0 0 0 0 1 2;1 1 1 1 1 1 1 1 1 1 1 1 1 1 1 1 1 1 1 1 1 1 1;
;511 422 11801 329 0 1649 278 38188 47428 1 1231 43010 0 2 0 1065 4179;0 0 0 0 0 0 0 0 0 0 0 0 0 0 0 1 2;0 0 21 22 0 0 0 33 33 0 33 33 0 0 0 1 2;1 1 1 1 1 1 1 1 1 1 1 1 1 1 1 1 1;
;22 236 217 13 103 8 184 374 3873 10 15 441 17 1 4 9;0 0 0 0 0 0 0 0 0 0 0 0 0 0 1 2;33 34 0 33 34 0 33 33 33 0 35 36 36 0 1 2;1 1 1 1 1 1 1 1 1 1 1 1 1 1 1 1;
;1088 596 285 629 926 176 321 15940 220 79745 1 170 40 1 4 61;0 0 0 0 0 0 0 0 0 21 0 0 0 0 1 2;21 22 33 33 33 0 33 33 0 27 0 33 33 0 1 2;1 1 1 1 1 1 1 1 1 1 1 1 1 1 1 1;
;126 2023 1747 424 15281 12 5662 1840 59 0 566 0 3443 499 757 382;0 0 0 0 0 0 0 0 0 0 0 0 0 0 0 0;0 33 34 33 0 0 33 0 0 0 0 0 21 22 22 33;1 1 1 1 1 1 1 1 1 1 1 1 1 1 1 1;
;6323 3368 76 1 988 1382 232 232 232 490 490 490 6323 3368 76 1 14 835 77 50 3 344 3263 18 16;0 0 0 0 0 0 0 0 0 0 0 0 0 0 0 0 0 0 0 0 0 0 17 18 0;13 21 22 0 33 33 0 0 0 0 0 0 13 21 22 0 0 33 33 34 0 21 31 32 0;1 1 1 1 1 1 1 1 1 1 1 1 1 1 1 1 1 1 1 1 1 1 1 1 1;
;418 244 946 35282 8 41948 8 103 11 578 8 214 10 20 501 1 11 217 846 1021 1 595 217 132;0 0 0 0 0 0 0 0 0 0 0 0 0 0 0 0 0 0 0 0 0 0 0 0;21 22 33 33 0 33 0 0 33 34 0 33 34 34 0 0 1 2 2 2 0 33 34 34;1 1 1 1 1 1 1 1 1 1 1 1 1 1 1 1 1 1 1 1 1 1 1 1;
;319 893 14961 3 14898 415 201 2 452 1954 2 16202 54 1167;0 0 37 0 13 14 0 0 0 0 0 9 0 0;33 33 45 0 17 18 33 0 33 33 0 13 0 0;1 1 1 1 1 1 1 1 1 1 1 1 1 1;
;516 194 664 1241 30 7952 221 126 96 306 82 27949 1591 9588 20210 83 16274 82 383 3549 83 17 992 58 12 58 2685 20210 4089 669 17 2 2 1032 674 0;0 0 0 0 0 0 0 0 0 0 0 0 0 0 0 0 0 0 0 0 0 0 0 0 0 0 0 0 0 0 0 0 0 0 0 0;33 34 34 34 0 33 0 0 0 0 0 33 34 34 34 0 33 0 33 34 0 0 0 33 34 34 33 33 33 33 0 0 0 33 33 0;1 1 1 1 1 1 1 1 1 1 1 1 1 1 1 1 1 1 1 1 1 1 1 1 1 1 1 1 1 1 1 1 1 1 1 1;
;8581 57409 298 2824 36412 91 180 1 4 9;43 44 0 0 0 0 0 0 1 2;51 52 0 0 33 0 0 0 1 2;1 1 1 1 1 1 1 1 1 1;
;6823 854 3 301 0 440 1300 301;27 28 0 0 0 0 0 0;35 36 0 33 0 33 33 34;1 1 1 1 1 1 1 1;
;22 10329 12 2841 122 84 15 143 17 1 4 9;0 0 0 0 0 0 0 0 0 0 1 2;0 33 33 34 0 0 33 34 34 0 1 2;1 1 1 1 1 1 1 1 1 1 1 1;
;140 16249 5790 62 2276 66 1 4 253;0 0 0 0 0 0 0 1 2;35 36 36 0 0 0 0 1 2;1 1 1 1 1 1 1 1 1;
;434 484 3069 8 135 22 11 826 59 0 2 0 484 3069 3 1899 204;0 1 2 0 0 0 0 0 0 0 0 0 1 2 0 1 2;33 1 2 0 0 0 0 33 0 0 0 0 1 2 0 1 2;1 1 1 1 1 1 1 1 1 1 1 1 1 1 1 1 1;
;7557 90 166 37312 9292 3 2694 6 23 11302 25 1751 206 1692 285 1 4 130 112;0 0 0 0 0 0 0 0 0 17 0 0 0 0 0 0 1 2 2;33 0 0 33 33 0 33 0 0 31 0 33 0 33 33 0 1 2 2;1 1 1 1 1 1 1 1 1 1 1 1 1 1 1 1 1 1 1;
;105 38 656 750 3055 2994 3 2640 10 20 60 1 4 9;0 0 9 0 0 0 0 0 0 0 0 0 1 2;33 34 13 33 33 33 0 33 33 34 0 0 1 2;1 1 1 1 1 1 1 1 1 1 1 1 1 1;
;22 3 4172 443 183 540 373 77 804 5639 3379 126 373 369 71 1 4 9;0 0 23 24 24 0 0 0 0 0 0 0 0 0 0 0 1 2;33 34 29 30 30 0 0 33 34 34 34 0 0 21 22 0 1 2;1 1 1 1 1 1 1 1 1 1 1 1 1 1 1 1 1 1;
;309 94 3809 99 249 2701 8 93 5888 94 24 1 4 9;0 0 0 0 0 0 0 0 0 0 0 0 1 2;0 33 34 34 0 33 0 0 33 33 0 0 1 2;1 1 1 1 1 1 1 1 1 1 1 1 1 1;
;58663 1566 6021 3042 6979 244 1 23 58663 1566 6021 3042 6979 244 25 1 85770 8401 1566 912 1342 1 9956 300 5;21 22 22 22 0 0 0 0 21 22 22 22 0 0 0 0 21 22 22 5 6 0 0 1 2;27 28 28 28 33 0 0 0 27 28 28 28 33 0 0 0 27 28 28 9 10 0 33 1 2;1 1 1 1 1 1 1 1 1 1 1 1 1 1 1 1 1 1 1 1 1 1 1 1 1;
;773 134 2049 227 9373 6848 115 3 1495 673 8 4010 432 17 1 757 12393 1 316 100 1 316 197;0 0 0 0 9 10 10 0 0 0 0 0 0 0 0 0 0 0 1 2 0 17 18;33 0 33 0 13 14 14 0 33 0 0 33 0 0 0 33 33 0 1 2 0 1 2;1 1 1 1 1 1 1 1 1 1 1 1 1 1 1 1 1 1 1 1 1 1 1;
;69 761 1 567 1723 244 2656 3553 6434 120 153;0 0 0 17 18 18 17 18 18 18 18;33 33 0 31 32 32 31 32 32 32 32;1 1 1 1 1 1 1 1 1 1 1;
;6613 0 8690 0 21142 0 4855 0 12555 2 24384 0 22627 6 96033 0 119451 6 6613 0 8690 0 21142 0 4855 0 12555 1288 170 40 6 35 1288 31 95 0 1 4 202 2 4385 5522;0 0 0 0 0 0 0 0 0 0 0 0 0 0 21 22 22 0 0 0 0 0 0 0 0 0 0 0 0 0 0 0 0 19 20 0 0 5 6 0 0 0;55 56 56 56 56 56 56 56 56 0 27 28 28 0 27 28 28 0 55 56 56 56 56 56 56 56 56 33 33 33 0 33 33 33 34 0 0 33 34 0 0 33;1 1 1 1 1 1 1 1 1 1 1 1 1 1 1 1 1 1 1 1 1 1 1 1 1 1 1 1 1 1 1 1 1 1 1 1 1 1 1 1 1 1;
;134 317 241 59 317 1727 1636 1351 478 3446 3 13262 99 59 1 3158 4168 2864 1 1945 3158 4168 1 1945 7 65 235 78 39 13 411;0 0 0 0 0 0 0 0 0 0 0 0 0 0 0 0 0 0 0 0 0 0 0 0 0 0 0 0 0 0 0;0 33 34 0 0 0 33 0 0 33 0 33 0 0 0 33 34 34 0 1 33 34 0 1 33 34 33 34 33 34 34;1 1 1 1 1 1 1 1 1 1 1 1 1 1 1 1 1 1 1 1 1 1 1 1 1 1 1 1 1 1 1;
;82 14630 83 206 3 8148 0 36 0 73 560 0 36 0 367 171;0 0 0 0 0 0 0 0 0 0 0 0 0 0 0 0;0 0 0 0 0 33 0 0 0 35 36 0 0 0 1 2;1 1 1 1 1 1 1 1 1 1 1 1 1 1 1 1;
;13819 2476 2860 81 2223 251 447 1986 3927 4814 1563 46 81 211 5513 81 8679 0 2 0 34 5;0 0 0 0 0 0 9 0 0 0 0 0 0 0 0 0 0 0 0 0 1 2;33 0 0 0 33 0 13 21 22 25 26 0 0 33 0 33 34 0 0 0 1 2;1 1 1 1 1 1 1 1 1 1 1 1 1 1 1 1 1 1 1 1 1 1;
;5938 3632 85 1181 914 0 1181 914 39 2863 604 504 282 1 2122 2641;45 46 46 0 0 0 0 0 0 0 0 0 0 0 0 0;53 54 54 33 33 0 33 33 0 31 0 0 33 0 21 22;1 1 1 1 1 1 1 1 1 1 1 1 1 1 1 1;
;1108 4098 44569 11684 3 661 1 14 2103 16 1108 4098 44569 11684 15 109 80 109 1721 1 1108 4098 44569 11684 1937 661 201 1 36702 1 2548 1947 1065;11 12 12 12 0 0 0 0 0 0 11 12 12 12 0 0 0 0 0 0 11 12 12 12 0 0 0 0 0 0 5 6 6;15 16 16 16 0 33 0 0 33 0 15 16 16 16 33 34 0 0 33 0 15 16 16 16 33 33 33 0 33 0 33 34 34;1 1 1 1 1 1 1 1 1 1 1 1 1 1 1 1 1 1 1 1 1 1 1 1 1 1 1 1 1 1 1 1 1;
;105 38 117 97 160 4344 280 137 307 1 4577 63 4344 440 2131 0 2 0 27652 280 38051 5;0 0 0 0 0 9 0 0 0 0 0 0 9 0 0 0 0 0 1 2 2 2;33 34 33 34 0 13 33 21 33 0 33 0 13 33 33 0 0 0 1 2 2 2;1 1 1 1 1 1 1 1 1 1 1 1 1 1 1 1 1 1 1 1 1 1;
;26499 148 78779 376 302392 503 335 55986 3892 14 172 443 6 0 123 6 0 147 6 0 3960 16 1 111 172 443;9 10 9 10 9 10 0 9 0 0 0 0 0 0 0 0 0 0 0 0 0 0 0 17 0 0;13 14 13 14 0 0 0 13 33 0 33 34 0 0 33 0 0 33 0 0 31 0 0 31 33 34;1 1 1 1 1 1 1 1 1 1 1 1 1 1 1 1 1 1 1 1 1 1 1 1 1 1;
;3116 12 502 1882 53 53 20658 0 60202 538 2302 6736 538 23 56 25 1 504 1 4 61;0 0 0 0 0 0 0 0 0 0 0 0 0 0 0 0 0 0 0 1 2;33 34 0 0 33 34 33 0 33 33 0 0 33 0 0 0 0 0 0 1 2;1 1 1 1 1 1 1 1 1 1 1 1 1 1 1 1 1 1 1 1 1;
;6348 8095 141 300 6348 4220 4733 20045 2 78 2 35 19 2 41 72;19 20 0 0 0 0 0 0 0 0 0 0 0 0 1 2;25 26 33 33 27 28 33 34 0 33 0 21 22 0 1 2;1 1 1 1 1 1 1 1 1 1 1 1 1 1 1 1;
;55974 32 8740 20221 264 93 13 1298 5285 24 0 2 0 612 295 42;13 0 13 14 14 0 0 0 0 0 0 0 0 1 2 2;17 0 17 18 18 0 33 34 33 0 0 0 0 1 2 2;1 1 1 1 1 1 1 1 1 1 1 1 1 1 1 1;
;948 47078 4068 787 264 1 47078 4068 787 264 537 559 33456 264 1940485 5467 2598 0 2 0 111;0 31 31 32 32 0 0 31 32 32 0 0 0 0 0 21 22 0 0 0 17;33 39 39 40 40 0 39 39 40 40 0 33 21 22 0 27 28 0 0 0 31;1 1 1 1 1 1 1 1 1 1 1 1 1 1 1 1 1 1 1 1 1;
;80 2166 8359 3101 1136 21342 3238 8833 0;0 0 0 0 0 0 0 0 0;0 33 33 21 22 22 33 33 0;1 1 1 1 1 1 1 1 1;
;1419 798 1537 10014 0 2550 56 2033 4540 3 19 2 210 2 35 19 2 41 72;9 0 0 0 0 0 0 0 0 0 0 0 0 0 0 0 0 1 2;13 33 21 22 0 33 0 33 0 0 33 0 33 0 21 22 0 1 2;1 1 1 1 1 1 1 1 1 1 1 1 1 1 1 1 1 1 1;
;8458 1661 12 703 1 125075 1 1122 1875 2 137 74 77 231 3 205 1569 2 8007 2196;19 20 20 20 0 0 0 0 0 0 0 0 0 0 0 0 0 0 17 18;25 26 26 26 0 0 0 33 34 0 21 0 0 0 0 33 34 0 31 32;1 1 1 1 1 1 1 1 1 1 1 1 1 1 1 1 1 1 1 1;
;198 38 5126 1357 73 46 6093 75 306 5388 336 166 3047 703 1824 2 247 142;0 0 0 0 0 0 9 10 0 0 0 0 0 0 0 0 17 0;33 34 31 32 32 0 13 14 0 33 0 0 33 33 0 0 31 33;1 1 1 1 1 1 1 1 1 1 1 1 1 1 1 1 1 1;
;14 609 16 2657 149 294 23 71372 25 30 423 997 172 3 571 294 1 4 61;0 0 0 0 0 0 0 0 0 0 0 0 0 0 0 0 0 1 2;0 33 0 33 34 34 0 33 0 0 33 34 33 0 33 33 0 1 2;1 1 1 1 1 1 1 1 1 1 1 1 1 1 1 1 1 1 1;
;68854 0 219432 0 161381 18623 26337 44461 2332 290 1413 1 68854 0 219432 0 161381 18623 26337 44461 2332 290 826 37 1 3331 7 65 3703 0;0 0 0 0 0 0 0 0 9 10 0 0 0 0 0 0 0 0 0 0 9 10 0 0 0 0 0 0 17 0;33 0 0 0 0 33 31 27 13 14 33 0 33 0 0 0 0 33 31 27 13 14 33 34 0 31 33 34 31 0;1 1 1 1 1 1 1 1 1 1 1 1 1 1 1 1 1 1 1 1 1 1 1 1 1 1 1 1 1 1;
;31842 2928 2 2 31842 75 2928 1507 2894 652;0 0 0 0 9 10 9 10 10 10;0 33 0 0 13 14 13 14 14 14;1 1 1 1 1 1 1 1 1 1;
;82 15088 0 4115 6 0 2768 0 4115 6 0 38262 7 0 6859 3555 451 0 3606 0 473 0 2768 0 4115 232 83 0 18377 0 23108 0 10915 0 6774 0 4427 57 2634 7 0 1795 0 53925 0 2439 0 22463 0 513 0 12404 925 0 2 0 3022 43 391 361 0;0 0 0 0 0 0 0 0 0 0 0 0 0 0 0 0 0 0 0 0 0 0 0 0 0 0 0 0 0 0 0 0 33 0 0 0 0 0 0 0 0 0 0 0 0 0 0 0 0 0 0 0 0 0 0 0 1 2 0 0 0;0 21 22 22 0 0 21 22 22 0 0 27 0 0 33 34 34 0 55 56 56 0 21 22 22 22 0 0 33 0 21 0 33 0 21 0 33 0 33 0 0 0 0 0 0 33 34 34 0 33 0 33 0 0 0 0 1 2 0 33 0;1 1 1 1 1 1 1 1 1 1 1 1 1 1 1 1 1 1 1 1 1 1 1 1 1 1 1 1 1 1 1 1 1 1 1 1 1 1 1 1 1 1 1 1 1 1 1 1 1 1 1 1 1 1 1 1 1 1 1 1 1;
;412 53711 897 3525;9 17 0 0;13 31 33 33;1 1 1 1;
;222 13 103 45 4898 394 572 140532 847 3 843 901 2 1126 1365 0 2 0 956 0 556 0 1157 232;0 0 0 0 0 0 0 21 0 0 0 0 0 0 0 0 0 0 0 0 0 0 0 0;21 22 33 34 33 34 33 27 33 0 33 34 0 55 56 0 0 0 0 0 33 0 9 10;1 1 1 1 1 1 1 1 1 1 1 1 1 1 1 1 1 1 1 1 1 1 1 1;
;3104 27 6485 5434 28 18 105 137 116 71 1 123 1 147 0 2 0 702 172 1270;17 18 18 18 18 18 0 0 0 0 0 0 0 0 0 0 0 1 0 0;13 14 31 33 33 34 33 21 33 34 0 33 0 33 0 0 0 1 33 34;1 1 1 1 1 1 1 1 1 1 1 1 1 1 1 1 1 1 1 1;
;403 1588 572 3189 8 15211 3 845 202 601 2620 202 1 4 9;0 0 0 0 0 0 0 0 0 0 0 0 0 1 2;33 0 33 33 0 33 0 33 34 0 33 34 0 1 2;1 1 1 1 1 1 1 1 1 1 1 1 1 1 1;
;31927 231 282 0 90 10 215 13 422 17 2 806 2 35 19 2 41 72;0 0 0 0 0 0 0 0 0 0 0 0 0 0 0 0 1 2;33 0 33 0 55 56 56 56 56 0 0 33 0 21 22 0 1 2;1 1 1 1 1 1 1 1 1 1 1 1 1 1 1 1 1 1;
;2457 2804 11 118 6936 1282 15 143;37 38 0 0 0 0 0 0;45 46 33 34 0 0 0 0;1 1 1 1 1 1 1 1;
;102996 102996 331 2837 62 64244 178 66 147 1 123 1 3639 1 5985 1285 1 751 171 23 68 25 2 340 2659 5;0 0 0 0 0 0 0 0 0 0 0 0 0 0 0 0 0 0 0 0 0 0 0 1 2 2;15 16 16 16 0 33 0 0 33 0 33 0 33 0 33 33 0 21 22 0 0 0 0 1 2 2;1 1 1 1 1 1 1 1 1 1 1 1 1 1 1 1 1 1 1 1 1 1 1 1 1 1;
;8177 27 62813 74 8612 238 75 581 292 2948 189 5417 59 90 236 9 3 1186 71 30 3278 59 1 8177 5;9 10 9 0 0 0 0 0 0 0 0 0 0 0 0 0 0 0 0 0 0 0 0 1 2;13 14 0 0 31 0 0 33 34 33 34 33 0 0 33 34 0 33 33 33 34 0 0 1 2;1 1 1 1 1 1 1 1 1 1 1 1 1 1 1 1 1 1 1 1 1 1 1 1 1;
;14 16354 1069 16 770 74 261 8 340 16354 3924 119 28 18 2 10482 355;0 0 0 0 0 0 0 0 17 18 18 18 18 18 0 0 0;0 31 0 0 33 0 33 0 13 31 0 33 33 34 0 33 0;1 1 1 1 1 1 1 1 1 1 1 1 1 1 1 1 1;
;963 1178 63 21 7407 0 29524 0 23059 3 13 29 123 84 1 14003 1821 12 1644 43 1 4 47;0 0 0 0 0 0 0 0 0 0 0 0 0 0 0 0 0 0 0 0 0 1 2;33 0 33 34 21 0 21 0 33 25 26 26 33 0 0 0 0 21 22 0 0 1 2;1 1 1 1 1 1 1 1 1 1 1 1 1 1 1 1 1 1 1 1 1 1 1;
;59474 1250 1184 181 50657 332 18112 1 18 69 1 45 223 5;0 0 0 0 0 0 0 0 0 0 0 1 2 2;31 32 33 0 33 0 33 0 33 33 0 1 2 2;1 1 1 1 1 1 1 1 1 1 1 1 1 1;
;402 397 1490 4746 15897 305 91 180 203 1 4746 15897 43 1 4 47;0 0 0 19 20 0 0 0 0 0 19 20 0 0 1 2;33 33 33 25 26 33 0 0 0 0 25 26 0 0 1 2;1 1 1 1 1 1 1 1 1 1 1 1 1 1 1 1;
;14 68 16 4927 19025 526 390 8 2195 7505 70 1391 103 442 1 2455 35803 100 1 110 54 115 100;0 0 0 0 7 0 0 0 0 0 0 0 0 0 0 7 8 0 0 0 0 0 0;0 0 0 33 33 0 0 0 33 33 0 33 34 0 0 11 12 33 0 9 10 10 10;1 1 1 1 1 1 1 1 1 1 1 1 1 1 1 1 1 1 1 1 1 1 1;
;8527 57727 2 123109 239 0 67981 0 121810 0 7896 838 1 68 942 5 0;0 0 0 0 0 0 0 0 0 0 27 28 0 1 2 2 0;33 33 0 0 0 0 21 0 21 0 35 36 0 1 2 2 0;1 1 1 1 1 1 1 1 1 1 1 1 1 1 1 1 1;
;14 105 38 553 20630 246 18 137 116 71 1 123 1 147 16 2 0 631 5;0 0 0 17 18 18 18 0 0 0 0 0 0 0 0 0 0 1 2;0 33 34 31 13 33 34 21 33 34 0 33 0 33 0 0 0 1 2;1 1 1 1 1 1 1 1 1 1 1 1 1 1 1 1 1 1 1;
;937 4064 10768 3 47;0 21 22 0 0;0 0 27 0 1;1 1 1 1 1;
;5050 459 85 29 97 12 63 135 4467 21 8 888 801 10 3108 12 240 8 85 29 97 1692 135 4467 21 1 4 79 9;0 0 0 0 0 0 0 0 37 0 0 0 0 0 0 0 0 0 0 0 0 0 0 37 0 0 0 0 0;33 33 0 0 0 33 34 0 33 0 0 33 34 0 33 0 0 0 0 0 0 33 0 33 0 0 21 22 22;1 1 1 1 1 1 1 1 1 1 1 1 1 1 1 1 1 1 1 1 1 1 1 1 1 1 1 1 1;
;529 4047 1847 995 49 5741 0 24521 48 152483 575 62 2508 159 177 3211 245 66 2 29393 2 184 17148 67 1882 25205 2 34 192 4960 31 100 0;0 0 0 0 33 34 34 34 34 0 0 0 0 0 0 0 0 0 0 0 0 0 0 0 0 0 0 1 2 0 0 0 0;0 33 33 34 0 55 56 56 0 33 33 0 0 33 0 33 33 0 0 27 0 33 33 0 33 34 0 1 2 0 33 33 0;1 1 1 1 1 1 1 1 1 1 1 1 1 1 1 1 1 1 1 1 1 1 1 1 1 1 1 1 1 1 1 1 1;
;919 137 17168 22350 220 717 10459 1013 0 1627 45515 3696 23 146 26 151 25 0 1 0 558 1010 5 23 3857 7 65 25;0 0 0 0 0 0 0 0 0 0 0 0 0 0 0 0 0 0 0 0 1 2 2 0 0 0 0 0;33 21 33 33 0 0 33 34 0 33 27 33 0 0 0 33 0 0 0 0 1 2 2 0 0 33 34 0;1 1 1 1 1 1 1 1 1 1 1 1 1 1 1 1 1 1 1 1 1 1 1 1 1 1 1 1;
;14 5247 16063 23176 264 16 5247 16063 23176 264 37 1 5247 16063 23176 264 104 1 5247 16063 23176 264 87 0 2 427 262 318 5;0 23 24 24 24 0 23 24 24 24 0 0 23 24 24 24 0 0 23 24 24 24 0 0 0 0 0 1 2;0 29 30 30 30 0 29 30 30 30 33 0 29 30 30 30 33 0 29 30 30 30 31 0 0 33 31 1 2;1 1 1 1 1 1 1 1 1 1 1 1 1 1 1 1 1 1 1 1 1 1 1 1 1 1 1 1 1;
;5924 799 2091 501 3 1851 176 3376 4251 2 2 5924 2714 161 2 2 5924 253 2 2 34 5924 5 59;11 0 0 0 0 0 0 0 0 0 0 11 0 0 0 0 11 0 0 0 1 2 2 0;33 0 0 0 0 33 0 33 34 0 0 33 21 22 0 0 33 33 0 0 1 2 2 0;1 1 1 1 1 1 1 1 1 1 1 1 1 1 1 1 1 1 1 1 1 1 1 1;
;1407 12687 12746 1372 51 2563 1489 289 6619 19962 45228 81 1344 0;0 0 0 0 0 0 0 0 0 0 0 0 0 0;33 21 22 22 0 33 33 0 33 21 22 0 0 0;1 1 1 1 1 1 1 1 1 1 1 1 1 1;
;402 7608 7428 32 7428 146 1902 10 13 124 3 442 1 4 79 9;0 0 0 0 0 0 0 0 0 0 0 0 0 0 0 0;33 33 34 0 33 0 0 33 34 34 34 0 0 21 22 22;1 1 1 1 1 1 1 1 1 1 1 1 1 1 1 1;
;15477 10189 21559 1959 46 3441 95192 82 20656 83 37203 28567 1 268 1 279 5;0 0 0 0 0 0 0 0 0 0 0 0 0 0 0 1 2;33 33 33 34 0 33 0 0 33 0 33 34 0 21 0 1 2;1 1 1 1 1 1 1 1 1 1 1 1 1 1 1 1 1;
;3584 2342 30202 28473 638 1 3584 2342 30202 638 39 28473 603 39 57 535 367 1 3584 2342 30202 40291 0 2 0 5361 638 18807 7 65;0 0 0 0 0 0 19 20 20 0 0 0 0 0 0 0 0 0 0 0 0 0 0 0 0 0 0 0 0 0;33 34 34 0 33 0 33 34 34 33 0 0 0 0 0 0 33 0 33 34 34 0 0 0 0 33 33 0 33 34;1 1 1 1 1 1 1 1 1 1 1 1 1 1 1 1 1 1 1 1 1 1 1 1 1 1 1 1 1 1;
;14 1971 54918 0 23 2319 23701 3389 0 17552 90178 25 16 23 1264205 0 54918 0 23 2319 23701 3389 0 17552 90178 25 25 307 1 44 1 927 1 1396 1 100 1 1971 54918 0 23 2319 23701 3389 0 17552 90178 25 12288 307 2 4257 1911;0 0 0 0 0 0 31 32 0 0 0 0 0 0 0 0 0 0 0 0 31 32 0 0 0 0 0 0 0 0 0 0 0 0 0 0 0 0 0 0 0 0 31 32 0 0 0 0 0 0 0 19 0;0 33 0 0 0 33 39 40 0 0 0 0 0 0 0 0 0 0 0 33 39 40 0 0 0 0 0 33 0 33 0 33 0 0 0 33 0 33 0 0 0 33 39 40 0 0 0 0 33 33 0 25 0;1 1 1 1 1 1 1 1 1 1 1 1 1 1 1 1 1 1 1 1 1 1 1 1 1 1 1 1 1 1 1 1 1 1 1 1 1 1 1 1 1 1 1 1 1 1 1 1 1 1 1 1 1;
;1729 20031 8 33175 12009 8 999 96 1956 462 7104 8 93 13184 5751 442 1 4 209 132;0 0 0 0 0 0 0 0 0 0 0 0 0 0 0 0 0 17 23 24;0 45 0 33 33 0 0 0 33 33 34 0 0 33 33 0 0 31 29 30;1 1 1 1 1 1 1 1 1 1 1 1 1 1 1 1 1 1 1 1;
;14 14201 2291 6 88 14201 2291 2592 16 2 88 247 2578 5;0 9 10 0 9 9 10 0 0 0 9 1 2 2;0 13 14 0 13 13 14 33 0 0 13 1 2 2;1 1 1 1 1 1 1 1 1 1 1 1 1 1;
;1425 3122 1303;0 0 0;33 33 33;1 1 1;
;16375 1697 358 0 1537 1724 1314 40 23 312 213 1724 6 37141 1724 6 10014 1724 6 14443 1724 25 6 8590 51 357 7759;0 0 0 0 0 0 0 0 0 0 0 0 0 0 0 0 0 0 0 0 0 0 0 0 0 9 0;21 22 22 0 33 34 33 33 0 33 34 34 0 33 0 0 33 0 0 33 0 0 0 33 0 13 33;1 1 1 1 1 1 1 1 1 1 1 1 1 1 1 1 1 1 1 1 1 1 1 1 1 1 1;
;41682 7 16808 1921 7 1054 0 2 0 10166 0 151559 0 4208 9076 0 23926 0 31938 0 18447 60;0 0 0 0 0 0 0 0 0 0 0 0 0 0 0 0 0 0 0 0 0 0;33 0 21 33 33 34 0 0 0 33 0 21 0 21 22 0 33 0 55 56 56 0;1 1 1 1 1 1 1 1 1 1 1 1 1 1 1 1 1 1 1 1 1 1;
;22 963 331 10 236 7291 8 134 160 127 248 122 393 21 1 4 209 132;0 0 0 0 0 0 0 0 0 0 0 0 0 0 0 17 23 24;0 33 33 34 0 33 0 0 0 33 34 33 34 0 0 31 29 30;1 1 1 1 1 1 1 1 1 1 1 1 1 1 1 1 1 1;
;3094 1229 86 2763 1348 1240 15 347 1 4 9;5 6 6 0 0 0 0 0 0 1 2;9 10 10 33 33 33 0 33 0 1 2;1 1 1 1 1 1 1 1 1 1 1;
;30804 46 9992 3121 136 49 1685 4681 3 90 48 8 699 916 10396 3401 2 45 81 5;21 0 0 0 0 33 34 34 34 34 34 0 0 21 22 22 0 1 2 2;27 0 0 0 0 25 26 26 26 26 26 0 33 27 28 28 0 1 2 2;1 1 1 1 1 1 1 1 1 1 1 1 1 1 1 1 1 1 1 1;
;64 13 614 240 2670 3 2370 3 12440 6474 289 13 29 240 978 879 3114 6 240 312 2370 2688 106 2370 6 179 62 66 2370 6 509 240 978 879 77 122 11 29 772 7275 1 4 130 112;0 0 0 0 0 0 0 0 0 0 0 0 0 0 0 0 0 0 0 0 0 0 0 0 0 0 0 0 0 0 0 0 0 0 0 0 0 0 0 0 0 1 2 2;0 0 0 0 33 0 33 0 33 0 33 34 0 33 34 34 33 0 0 0 33 0 35 36 0 0 0 0 33 0 0 33 34 34 0 0 0 0 0 33 0 1 2 2;1 1 1 1 1 1 1 1 1 1 1 1 1 1 1 1 1 1 1 1 1 1 1 1 1 1 1 1 1 1 1 1 1 1 1 1 1 1 1 1 1 1 1 1;
;6689 194 3719 501 2581 1213 640 504 30633 1 33 505 31 1 33 505 31 2 624 463 5 107 344 372;37 38 38 38 0 0 0 0 37 0 1 2 2 0 1 2 2 0 0 0 0 0 0 0;45 46 46 46 33 33 33 0 45 0 1 2 2 0 1 2 2 0 33 34 34 33 21 33;1 1 1 1 1 1 1 1 1 1 1 1 1 1 1 1 1 1 1 1 1 1 1 1;
;29232 1214 773 903 134 249 91 180 2852 17 710 10 35872 432 17 0;0 0 0 0 0 0 0 0 0 0 0 0 0 0 0 0;33 33 33 0 0 0 0 0 33 0 33 34 33 0 0 0;1 1 1 1 1 1 1 1 1 1 1 1 1 1 1 1;
;45 18851 672 45904 49116 0 34 142 414 2888 962 1039 426 269 0 1 790 12761 45 18851 672 2836 62 67335 672 66 0 1 790 12761;0 0 0 0 0 0 0 0 0 0 0 0 0 0 0 0 0 0 0 0 0 0 0 0 0 0 0 0 0 0;33 34 33 33 33 0 21 22 33 0 0 21 22 22 0 0 1 2 33 34 33 33 0 29 33 0 0 0 1 2;1 1 1 1 1 1 1 1 1 1 1 1 1 1 1 1 1 1 1 1 1 1 1 1 1 1 1 1 1 1;
;1015 140 554 878 1827 740 6 1015 140 1827 6 878 26 2085;0 0 0 0 0 0 0 0 0 0 0 0 0 0;33 34 33 33 34 33 0 33 34 33 0 33 0 33;1 1 1 1 1 1 1 1 1 1 1 1 1 1;
;5856 8 1333 249 1502 361 84 1 4 9;0 0 0 0 0 0 0 0 1 2;33 0 33 0 33 33 0 0 1 2;1 1 1 1 1 1 1 1 1 1;
;1539 3033 22451 929 20 356 93 21666 1 4 9;0 0 23 24 0 0 0 0 0 1 2;33 33 29 30 33 34 0 33 0 1 2;1 1 1 1 1 1 1 1 1 1 1;
;88 2194 6463 719 1830 91 1 1183 1 9018 8 2846 719 8 2820 719 0 2 0 1774 884 224 23 13 199 712 729 1256 25;9 0 0 0 0 0 0 0 0 0 0 0 0 0 0 0 0 0 0 1 2 2 0 0 0 0 0 0 0;13 33 34 33 34 0 0 33 0 33 0 33 34 0 33 34 0 0 0 1 2 2 0 33 34 33 33 33 0;1 1 1 1 1 1 1 1 1 1 1 1 1 1 1 1 1 1 1 1 1 1 1 1 1 1 1 1 1;
;4779 0 28319 0 2 0 6774 0 499585 0 2392 0 3170 0 4513 0 73588 0 1977 0 519 0 9783 0 21542 0 9413 0 7074 0 1147 0 1682 0 513 0 24050 0 7365 0 104738 0 169818 0 9778 0 12261 0 39417 0 103780 0 6238;0 0 0 0 0 0 33 0 0 0 0 0 0 0 0 0 0 0 0 0 0 0 0 0 0 0 0 0 0 0 0 0 0 0 0 0 0 0 0 0 0 0 0 0 0 0 0 0 0 0 0 0 0;21 0 51 0 0 0 21 0 0 0 33 0 33 0 33 0 33 0 33 0 33 0 25 0 33 0 33 0 33 0 33 0 33 0 33 0 21 22 22 0 21 0 0 0 33 0 0 0 21 0 0 0 33;1 1 1 1 1 1 1 1 1 1 1 1 1 1 1 1 1 1 1 1 1 1 1 1 1 1 1 1 1 1 1 1 1 1 1 1 1 1 1 1 1 1 1 1 1 1 1 1 1 1 1 1 1;
;47319 0 9815 0 2 0 1066 0 19150 0 85 0 16260;0 0 0 0 0 0 0 0 23 24 24 0 0;21 22 22 0 0 0 33 0 29 30 30 0 33;1 1 1 1 1 1 1 1 1 1 1 1 1;
;2369 5606 1 154735 1 187 19367 1 277 0 2 0 117 251 856 6916 7141 5729 516 58;0 0 0 39 0 0 0 0 0 0 0 0 0 0 0 39 40 40 40 40;33 33 0 47 0 0 0 0 0 0 0 0 0 0 33 47 48 48 48 48;1 1 1 1 1 1 1 1 1 1 1 1 1 1 1 1 1 1 1 1;
;89947 23015 46 12 2046 3903 3 3522 0 2 2 0 479 55 0 2 2 0 34 119 5;0 0 0 0 0 0 0 0 0 0 0 0 0 0 0 0 0 0 1 2 2;33 34 0 33 34 33 0 33 0 0 0 0 0 0 0 0 0 0 1 2 2;1 1 1 1 1 1 1 1 1 1 1 1 1 1 1 1 1 1 1 1 1;
;402 214 10 20 1232 17 781 59 11 42 165 10 19992 358 8 4 136 21 136 8 12 1091 84 1 4 9;0 0 0 0 29 0 0 0 0 0 0 0 29 30 0 17 0 0 0 0 0 0 0 0 1 2;33 33 34 34 33 0 33 0 33 34 34 0 37 38 0 31 0 0 0 0 21 22 0 0 1 2;1 1 1 1 1 1 1 1 1 1 1 1 1 1 1 1 1 1 1 1 1 1 1 1 1 1;
;11 89 11 5240 2518 430 6078 2376 3 607 4495 2611 2470 8 27980 2800 3 94 17 5240 77 33 8 22 699 136 19 8 12 96 183 3 84 507 1 4 9;0 0 0 0 0 0 0 0 0 0 0 0 0 0 0 0 0 0 0 0 0 0 0 0 0 0 0 0 0 0 0 0 0 0 0 1 2;33 34 34 21 33 0 21 33 0 0 33 33 34 0 0 33 0 33 0 21 33 34 0 33 34 0 33 0 33 34 0 0 0 33 0 1 2;1 1 1 1 1 1 1 1 1 1 1 1 1 1 1 1 1 1 1 1 1 1 1 1 1 1 1 1 1 1 1 1 1 1 1 1 1;
;2756 2800 183 0 36 0 31219 67217 0 3117 2419 0 10300 2800 183 0 79697 0 13390 79697 0 13390 10300 0 2756 0 17738 0 334 128;17 0 0 0 0 0 0 0 0 0 0 0 23 24 24 0 0 0 0 0 0 23 24 0 17 0 0 0 0 0;31 33 34 0 0 0 33 34 0 33 34 0 29 30 30 0 33 0 21 22 0 29 30 0 31 0 31 0 33 34;1 1 1 1 1 1 1 1 1 1 1 1 1 1 1 1 1 1 1 1 1 1 1 1 1 1 1 1 1 1;
;4468 120 149 0 193 602 1336 138 343 0 2 0 421 499 480 480;0 0 0 0 0 0 0 0 0 0 0 0 1 2 2 2;33 34 34 0 33 34 33 34 33 0 0 0 1 2 2 2;1 1 1 1 1 1 1 1 1 1 1 1 1 1 1 1;
;25414 195 514 3 27275 2481 0 2 0 364 5;0 0 0 0 13 0 0 0 0 1 2;33 33 34 0 17 0 0 0 0 1 2;1 1 1 1 1 1 1 1 1 1 1;
;7181 46 238 27 37336 0 6559 2953 50624 2797 10455 7 844 764 1 268 1 279 5;0 0 0 0 0 0 0 0 17 0 0 0 0 0 0 0 0 1 2;33 0 33 34 33 0 33 0 31 0 33 0 55 56 0 21 0 1 2;1 1 1 1 1 1 1 1 1 1 1 1 1 1 1 1 1 1 1;
;934 4053 122 749 547 3320 211;0 0 0 0 0 0 0;33 34 33 34 33 33 33;1 1 1 1 1 1 1;
;598 27 18276 351 697 192 359;17 18 18 18 18 18 18;13 14 33 0 0 33 34;1 1 1 1 1 1 1;
;397 27 772 56 11 690 11 6713 19588 3 1512 866 8 1361 350 614 453 37 3 12 10 6713 3 1512 866 514 8 5713 11 122 6713 84 1 4 9;0 0 0 0 0 0 0 0 0 0 23 24 0 0 0 0 0 0 0 0 0 0 0 23 24 0 0 0 0 0 0 0 0 1 2;33 33 34 0 0 0 0 33 33 0 29 30 0 0 0 0 0 33 0 33 34 33 0 29 30 0 0 33 0 0 33 0 0 1 2;1 1 1 1 1 1 1 1 1 1 1 1 1 1 1 1 1 1 1 1 1 1 1 1 1 1 1 1 1 1 1 1 1 1 1;
;210508 21808 3 47;0 0 0 0;0 33 0 1;1 1 1 1;
;1746 3357 21517 850 682 3466 6135 16149 0 10880 62356 15833 17492 3448 6563 4679 1 207 5138 2 1397 1 1044 980 1 114 5;0 0 39 0 0 0 0 0 0 17 18 0 21 22 0 0 0 0 0 0 9 0 0 0 0 1 2;0 0 47 33 34 0 0 33 0 31 32 33 27 28 33 33 0 33 33 0 13 0 21 22 0 1 2;1 1 1 1 1 1 1 1 1 1 1 1 1 1 1 1 1 1 1 1 1 1 1 1 1 1 1;
;250 25909 5173 2897 5986 120 532;0 0 0 0 0 0 0;0 0 33 33 33 34 34;1 1 1 1 1 1 1;
;43417 49 14126 18767 48 5354 176 273 62 628 66 1 5681 483 273 1 6945;27 27 28 28 28 0 0 0 0 0 0 0 0 0 0 0 0;33 0 33 34 0 33 0 33 0 0 0 0 33 34 33 0 33;1 1 1 1 1 1 1 1 1 1 1 1 1 1 1 1 1;
;2324 115 438 15723 6101 0 2 0 39 13 9936 5 0 956 0 556 0 131619;0 0 0 0 0 0 0 0 1 2 2 2 0 0 0 0 0 0;21 22 33 33 34 0 0 0 1 2 2 2 0 0 0 33 0 31;1 1 1 1 1 1 1 1 1 1 1 1 1 1 1 1 1 1;
;18505 14423 1 18505 14423 37 1 410 18505 14423 104 26 182 0 2 0 111;0 0 0 0 0 0 0 0 0 0 0 0 0 0 0 0 17;33 33 0 33 33 33 0 33 33 33 33 0 33 0 0 0 31;1 1 1 1 1 1 1 1 1 1 1 1 1 1 1 1 1;
;2656 934 23 170197 25 2 8518 1878 1 22648 243 1 37418 10419 418 0;17 18 0 0 0 0 0 0 0 0 0 0 5 6 6 0;31 32 0 21 0 0 0 33 0 21 33 0 33 34 34 0;1 1 1 1 1 1 1 1 1 1 1 1 1 1 1 1;
;4244 229 133 27023 133 32 4916 36163 133 1903 30 20 676 103 3906 0 2 0 612 295 42;0 0 0 0 0 0 0 0 0 0 0 0 0 0 0 0 0 0 1 2 2;33 33 0 33 0 0 21 22 0 33 0 33 34 0 0 0 0 0 1 2 2;1 1 1 1 1 1 1 1 1 1 1 1 1 1 1 1 1 1 1 1 1;
;1073 46 14457 1557 1297 376 82 65282 83 0 283 27 13 75 89 21 82 1557 83 1 342 5 0;9 0 9 10 10 10 0 0 0 0 0 0 0 0 0 0 0 0 0 0 1 2 0;13 0 13 14 14 14 0 33 0 0 0 0 33 34 35 36 0 0 0 0 1 2 0;1 1 1 1 1 1 1 1 1 1 1 1 1 1 1 1 1 1 1 1 1 1 1;
;11 15818 8 15 441 432 1 896 5512 336 43 1 4 47;0 0 0 0 0 0 0 23 24 24 0 0 1 2;0 33 0 0 33 0 0 29 30 30 0 0 1 2;1 1 1 1 1 1 1 1 1 1 1 1 1 1;
;5594 11989 53646 334 398 199 1 64165 0 91679 0 368 0 69506 1 5594 11989 53646 300 128 0 2 0 6129 43 5594 11989 53646 1311;45 46 0 0 0 0 0 0 0 0 0 0 0 0 0 45 46 0 0 0 0 0 0 0 0 45 46 0 0;53 54 0 21 22 0 0 9 0 33 0 33 0 53 0 53 54 0 33 33 0 0 0 33 0 53 54 0 33;1 1 1 1 1 1 1 1 1 1 1 1 1 1 1 1 1 1 1 1 1 1 1 1 1 1 1 1 1;
;157 46465 290 0 2 0 3094 253;9 10 10 0 0 0 1 2;13 14 14 0 0 0 1 2;1 1 1 1 1 1 1 1;
;3169 29148 31 3399 732 0 5174 544 17536 2044 267 2057;9 0 0 0 0 0 0 0 0 0 0 23;13 33 33 34 34 0 33 34 33 33 33 33;1 1 1 1 1 1 1 1 1 1 1 1;
;564 113 1 683 5373 100 1 6225 5016;9 10 0 9 0 0 0 1 2;13 14 0 13 33 34 0 1 2;1 1 1 1 1 1 1 1 1;
;4762 26 2083 0 856 2980 2 102 0 2861 4093 199 1780 267 22876 2 416 40 2 416 71 2 416 71 5;0 0 0 0 0 0 0 0 0 0 0 0 23 24 0 0 0 0 0 0 0 0 1 2 2;33 34 34 0 33 33 0 33 0 33 21 22 29 30 0 0 33 33 0 33 33 0 1 2 2;1 1 1 1 1 1 1 1 1 1 1 1 1 1 1 1 1 1 1 1 1 1 1 1 1;
;295 3 4072 74 748 67 3047 435 1 504 1 4 61;0 0 0 0 0 0 0 0 0 0 0 1 2;33 0 33 0 33 0 33 33 0 0 0 1 2;1 1 1 1 1 1 1 1 1 1 1 1 1;
;2 45176 255;0 17 18;0 31 32;1 1 1;
;576 41876 686 1170 339 398 170 979 1836 100;9 0 0 0 0 0 0 0 0 0;21 33 33 34 33 33 33 33 33 33;1 1 1 1 1 1 1 1 1 1;
;68734 62 4243 2445 178 66 1 4 253;9 10 10 10 10 10 0 1 2;31 0 13 33 0 0 0 1 2;1 1 1 1 1 1 1 1 1;
;42602 0 81098 3 699 0 36 0 7660 62 7368 66 0 2 0 775 210 8 801 453 33;0 0 0 0 0 0 0 0 0 0 0 0 0 0 0 0 0 0 0 0 0;21 0 27 0 33 0 0 0 33 0 9 0 0 0 0 33 33 0 33 33 34;1 1 1 1 1 1 1 1 1 1 1 1 1 1 1 1 1 1 1 1 1;
;4762 1081217 10619 456 138 23403;0 0 27 28 28 28;33 0 35 36 36 36;1 1 1 1 1 1;
;461 16039 3657 15 124 1 2087 5;9 17 0 0 0 0 1 2;13 31 33 0 0 0 1 2;1 1 1 1 1 1 1 1;
;14940 3780 199 63 104 269 8217 91 180 1 4 9;0 0 0 0 0 0 0 0 0 0 1 2;13 33 34 0 33 34 33 0 0 0 1 2;1 1 1 1 1 1 1 1 1 1 1 1;
;650 27 384 594 23 1364 25 186 640 189 20475 1 4 61;17 18 18 0 0 0 0 0 0 0 0 0 1 2;13 14 33 0 0 0 0 0 33 0 33 0 1 2;1 1 1 1 1 1 1 1 1 1 1 1 1 1;
;14 447 0 87 2001 0 352 0 2397 76 0 675 12108 86 36264 165572 0 12108 86 0 333 2102 16 37 6 87 6 44 6 12108 86 6 6726 27 2489 31830 1067 110 1097 28 18 2 395 5;0 9 0 0 0 0 0 0 17 0 0 0 0 0 0 0 0 0 0 0 0 0 0 0 0 0 0 0 0 0 0 0 17 18 18 18 18 18 18 18 18 0 1 2;0 13 0 31 33 0 33 0 33 0 0 0 33 34 33 0 0 33 34 0 0 33 0 33 0 31 0 33 0 33 34 0 13 14 0 0 0 33 34 33 34 0 1 2;1 1 1 1 1 1 1 1 1 1 1 1 1 1 1 1 1 1 1 1 1 1 1 1 1 1 1 1 1 1 1 1 1 1 1 1 1 1 1 1 1 1 1 1;
;789 49372 394 1896 28 18 36 49372 394 1896 36 789 49372 36 49372 1896 36;17 18 18 18 18 18 0 0 0 0 0 9 0 0 0 0 0;13 27 33 34 33 34 0 27 33 34 0 13 27 0 27 33 0;1 1 1 1 1 1 1 1 1 1 1 1 1 1 1 1 1;
;69274 0 26994 2 151 3840 8031 177 36144 129 94757 200 583 200 278 14560 7585 602 1 405 1 35 19 31 95;23 0 0 0 0 0 23 0 0 0 0 0 0 0 0 23 24 0 0 0 0 0 0 0 0;29 0 33 0 33 21 29 0 31 0 21 33 34 21 22 29 30 33 0 1 0 21 22 33 34;1 1 1 1 1 1 1 1 1 1 1 1 1 1 1 1 1 1 1 1 1 1 1 1 1;
;2350 106 3232 7410 3070 3 130 5968 108751 10271 2896 208 2 14 1030 5 16 2 952 252 31 438 696 211 2 163 7 1058 7 65;0 0 0 0 0 0 0 0 0 0 0 0 0 0 1 2 0 0 0 0 0 0 0 0 0 0 0 0 0 0;33 0 33 33 33 0 33 33 33 33 34 33 0 0 1 2 0 0 33 0 33 33 33 33 0 33 0 0 33 34;1 1 1 1 1 1 1 1 1 1 1 1 1 1 1 1 1 1 1 1 1 1 1 1 1 1 1 1 1 1;
;16218 0 368 0 17097 0 22601 0 683481 38357 0 2 0 3107;0 0 0 0 0 0 0 0 0 0 0 0 0 0;33 0 33 0 21 0 33 0 0 21 0 0 0 1;1 1 1 1 1 1 1 1 1 1 1 1 1 1;
;55657 0 28591 1 5286 2139;0 0 0 0 0 0;33 0 0 0 33 33;1 1 1 1 1 1;
;441202 0 569878 0 56289 41641 0 413311 0 14410 0;0 0 0 0 0 0 0 0 0 0 0;33 0 0 0 27 21 0 21 0 0 0;1 1 1 1 1 1 1 1 1 1 1;
;7061 3010 1033 39 479 1997 856 53 53 1207 3 361 1 4 9;0 0 0 0 0 0 0 0 0 0 0 0 0 1 2;33 34 34 33 34 0 33 33 34 33 0 33 0 1 2;1 1 1 1 1 1 1 1 1 1 1 1 1 1 1;
;13693 225 96 511 145 1868 782 3 19751 813 1 4 9;0 0 0 0 0 0 0 0 0 0 0 1 2;33 0 0 0 0 33 0 0 33 34 0 1 2;1 1 1 1 1 1 1 1 1 1 1 1 1;
;3403 46 14 73 17727 16 836 358 1794 335 3568 2717 1 73 17727 43 1 4 47;0 0 0 0 0 0 0 0 0 0 0 0 0 1 2 2 0 1 2;33 0 0 25 26 0 33 37 38 0 33 33 0 1 2 2 0 1 2;1 1 1 1 1 1 1 1 1 1 1 1 1 1 1 1 1 1 1;
;13618 3448 21600 1 44 1 709 253;29 30 30 0 0 0 1 2;37 38 38 0 33 0 1 2;1 1 1 1 1 1 1 1;
;5606 9670 9303 1145 2166 242 1 4 61;0 0 0 0 0 0 0 1 2;33 33 33 34 33 34 0 1 2;1 1 1 1 1 1 1 1 1;
;150454 3 51786 877 1 3177 406 396 1 5687 1683 1708 7144 5 0;0 0 0 0 0 0 0 0 0 1 2 2 2 2 0;33 0 33 33 0 33 33 33 0 1 2 2 2 2 0;1 1 1 1 1 1 1 1 1 1 1 1 1 1 1;
;2510 56 3 18708 11 638 24 30 215 70 136 0 2722 3635 13 195 127 22836 14951 1948 3309 1 2442 54 2859;0 0 0 0 0 0 0 0 0 0 0 0 0 0 0 0 0 0 0 0 0 0 0 0 0;21 22 22 22 0 33 0 33 34 0 0 0 33 33 34 34 34 33 33 0 0 0 0 0 0;1 1 1 1 1 1 1 1 1 1 1 1 1 1 1 1 1 1 1 1 1 1 1 1 1;
;200 206 2180 20 3 16059 1 4 9;0 0 0 0 0 0 0 1 2;33 34 34 0 0 37 0 1 2;1 1 1 1 1 1 1 1 1;
;6899 753 494 1626 87 1 6899 753 494 1626 87 37 1 6899 753 494 1626 87 104 26 182 0 2 0 111;23 24 24 24 0 0 23 24 24 24 0 0 0 23 24 24 24 0 0 0 0 0 0 0 17;29 30 30 30 31 0 29 30 30 30 31 33 0 29 30 30 30 31 33 0 33 0 0 0 31;1 1 1 1 1 1 1 1 1 1 1 1 1 1 1 1 1 1 1 1 1 1 1 1 1;
;357 76511 537 366 741 259;9 0 0 0 0 0;13 33 0 33 34 0;1 1 1 1 1 1;
;284 984 113 25687 148 63 958 29336 148 3 1892 1 4 9;0 9 10 9 10 0 9 9 10 0 0 0 1 2;0 13 14 13 14 0 13 13 14 0 33 0 1 2;1 1 1 1 1 1 1 1 1 1 1 1 1 1;
;2293 5710 45 700 1001 11 39287 177 2 8 56 1313 1474 177 7 7 7 1 4 79 9;37 38 0 0 0 0 37 0 0 0 29 30 30 0 0 0 0 0 0 0 0;33 34 0 33 33 0 45 0 0 0 37 38 38 0 0 0 0 0 21 22 22;1 1 1 1 1 1 1 1 1 1 1 1 1 1 1 1 1 1 1 1 1;
;1931465 0 7770 1931465 467 99 585 94 730 761 2 14 224 99 43 16;0 0 9 0 0 0 0 0 0 0 0 0 0 0 0 0;0 0 13 0 33 0 0 33 34 33 0 0 0 0 0 0;1 1 1 1 1 1 1 1 1 1 1 1 1 1 1 1;
;9185 32 943 158 219 2054 17 1 4 9;0 0 0 0 0 0 0 0 1 2;33 0 53 54 0 33 0 0 1 2;1 1 1 1 1 1 1 1 1 1;
;14 35993 17219 3 661 16 35993 17219 15 109 1 35993 17219 3 1937 661 1 103 2231;0 0 0 0 0 0 0 0 0 0 0 0 11 0 0 0 0 0 0;0 33 33 0 33 0 33 33 33 34 0 33 33 0 33 33 0 33 34;1 1 1 1 1 1 1 1 1 1 1 1 1 1 1 1 1 1 1;
;155 20 415 58 5419 9499 1 4 209 132;0 0 0 0 0 0 0 17 23 24;0 0 0 0 33 33 0 31 29 30;1 1 1 1 1 1 1 1 1 1;
;4292 29229 66257 1 4292 29229 66257 37 1 410 4292 29229 66257 104 26 182 0 2 0 111;0 39 0 0 0 39 0 0 0 0 0 39 0 0 0 0 0 0 0 17;21 47 33 0 21 47 33 33 0 33 21 47 33 33 0 33 0 0 0 31;1 1 1 1 1 1 1 1 1 1 1 1 1 1 1 1 1 1 1 1;
;4833 73 4851 4198 23 12462 178 25 906 1065 1 12462 45 873 5036 99 15160 258 1715 108 129 1324 1065 1 88 2 588 648 5;11 12 17 18 0 9 0 0 0 0 0 9 10 10 0 0 9 10 10 10 0 0 0 0 9 0 1 2 2;15 16 31 32 0 13 0 0 33 33 0 13 13 14 33 0 13 14 33 34 0 0 33 0 13 0 1 2 2;1 1 1 1 1 1 1 1 1 1 1 1 1 1 1 1 1 1 1 1 1 1 1 1 1 1 1 1 1;
;3906 26077 194 7869 3 903 319 266 1 2582 372 1 22966 5 882 440;37 38 38 38 0 0 0 0 0 0 0 0 1 2 0 0;45 46 46 46 0 0 33 33 0 33 33 0 1 2 33 33;1 1 1 1 1 1 1 1 1 1 1 1 1 1 1 1;
;1532 7091 0 39355 577 752 15 577 1 4 9;23 24 0 0 0 0 0 0 0 1 2;29 30 0 0 0 33 0 0 0 1 2;1 1 1 1 1 1 1 1 1 1 1;
;32227 0 2 0 3107;0 0 0 0 1;33 0 0 0 1;1 1 1 1 1;
;92 33293 2401 538 14194 4210 2077 2 496 14194 4210 1 2113 14194 4210 1 14194 4210 37 1 14194 4210 267 1 5366 3907 1 5366 3339 1 92 33293 7261 1355 28 18;0 0 0 0 0 0 0 0 0 0 0 0 0 0 0 0 0 0 0 0 0 0 0 0 0 0 0 31 32 0 17 18 18 18 18 18;13 35 35 36 21 22 21 0 21 22 22 0 33 21 22 0 21 22 33 0 21 22 33 0 33 33 0 39 40 0 31 32 32 32 32 32;1 1 1 1 1 1 1 1 1 1 1 1 1 1 1 1 1 1 1 1 1 1 1 1 1 1 1 1 1 1 1 1 1 1 1 1;
;340 27 225 11 5633 3 0 14349 308 1 4 9;9 10 0 0 0 0 0 0 0 0 1 2;13 14 0 0 33 0 0 33 0 0 1 2;1 1 1 1 1 1 1 1 1 1 1 1;
;3527 27 3042 5272 33324 75 281 850281 259 371;9 10 9 10 10 10 0 0 0 0;13 14 13 14 14 14 0 0 33 34;1 1 1 1 1 1 1 1 1 1;
;499 840 389 40149 19581 9381 238 18854 0 152829 50159 19762 2371 488 1 841 1122 2 6182 1 114 1044 980 1 114 5;0 0 9 0 0 17 0 0 0 21 0 0 0 0 0 0 0 0 17 0 17 0 0 0 1 2;33 34 13 0 33 31 0 33 0 27 33 33 0 0 0 33 33 0 47 0 31 21 22 0 1 2;1 1 1 1 1 1 1 1 1 1 1 1 1 1 1 1 1 1 1 1 1 1 1 1 1 1;
;22 324 6822 46 21925 2825 3778 19182 1969 335 137 1327 6 22 324 6822 46 21925 2825 3778 19182 1969 335 534 724 40 6 869 367 0 2 0 9324 1635;0 0 0 0 0 0 0 0 0 0 0 0 0 0 0 0 0 0 0 0 0 0 0 0 0 0 0 0 0 0 0 0 0 0;35 36 36 0 35 36 36 36 36 36 21 33 0 35 36 36 0 35 36 36 36 36 36 33 33 33 0 33 33 0 0 0 21 22;1 1 1 1 1 1 1 1 1 1 1 1 1 1 1 1 1 1 1 1 1 1 1 1 1 1 1 1 1 1 1 1 1 1;
;14 1327 16 127 4185 2206 7471 0 2392 7 378 152 26668 3 667 4911 0 170 31 367 1 8566 301 5;0 0 0 0 0 0 0 0 0 0 0 0 0 0 0 0 0 0 0 0 0 1 2 2;0 33 0 33 34 33 33 0 33 34 33 0 33 0 33 34 0 33 33 33 0 1 2 2;1 1 1 1 1 1 1 1 1 1 1 1 1 1 1 1 1 1 1 1 1 1 1 1;
;14 504 16 5239 10631 7870 446 1316 471 7 5867 353 332 0 8617 85 429 1 69 108 1 2633 5;0 0 0 7 8 8 0 0 0 0 0 0 0 0 0 0 0 0 0 0 0 1 2;0 0 0 11 12 12 33 34 33 0 33 0 0 0 33 0 0 0 33 34 0 1 2;1 1 1 1 1 1 1 1 1 1 1 1 1 1 1 1 1 1 1 1 1 1 1;
;126 69 89 11 2321 254 16523 1112 19838 17 2321 3 134 10 7480 1 4 9;0 0 0 0 0 0 0 0 0 0 0 0 0 0 0 0 1 2;0 33 33 34 33 0 33 34 33 0 33 0 0 0 33 0 1 2;1 1 1 1 1 1 1 1 1 1 1 1 1 1 1 1 1 1;
;330 46 25276 1211 21622 0 181 77 179 8033 306 5221 220 2 151 21598 625 1 452 131 1 342 5 0;9 0 0 0 0 0 0 0 0 0 0 0 0 0 0 0 0 0 0 0 0 1 2 0;13 0 47 0 33 0 0 33 34 34 0 33 0 0 33 31 32 0 33 33 0 1 2 0;1 1 1 1 1 1 1 1 1 1 1 1 1 1 1 1 1 1 1 1 1 1 1 1;
;49 115904 48 14680 3137 806 2253 1 2 806 2 35 19 2 41 72;19 20 20 0 0 0 0 0 0 0 0 0 0 0 1 2;25 26 26 29 30 33 33 0 0 33 0 21 22 0 1 2;1 1 1 1 1 1 1 1 1 1 1 1 1 1 1 1;
;49 878 1318 85 48 78 888 2279 1194 671 266 1 282 4174;45 46 46 46 46 0 0 0 0 0 0 0 0 0;53 54 54 54 54 33 34 33 33 33 34 0 33 33;1 1 1 1 1 1 1 1 1 1 1 1 1 1;
;7842 1833 46 557 8994 541 68651 136 49773 1 188 69 108;0 0 0 0 0 0 0 0 0 0 17 18 18;33 34 0 0 0 0 33 0 33 0 9 10 33;1 1 1 1 1 1 1 1 1 1 1 1 1;
;3951 1342 1767 1333 3522 921 0 702 1904 136 38559 21 1 1067 363 3951 1342 19 199;45 46 0 0 0 0 0 1 0 0 0 0 0 0 0 0 0 0 0;53 54 33 33 33 33 0 1 0 0 33 0 0 0 0 53 54 33 0;1 1 1 1 1 1 1 1 1 1 1 1 1 1 1 1 1 1 1;
;10146 7362 3 1937 661 60 1 4 9;11 12 0 0 0 0 0 1 2;15 16 0 33 33 0 0 1 2;1 1 1 1 1 1 1 1 1;
;6355 367 3731 4868 12517 731 954 62 106 66 1 6355 1 811 3937 381;0 0 0 0 0 0 0 0 0 0 0 0 0 9 17 18;21 22 33 33 21 22 33 0 0 0 0 33 0 13 31 32;1 1 1 1 1 1 1 1 1 1 1 1 1 1 1 1;
;1454 50 14234 19634 3 1393 765 11 13 29 1091 590 13 124 3 1455 3973 1 4 79 9;0 0 0 0 0 0 0 0 0 0 0 0 0 0 0 0 0 0 0 0 0;33 33 34 33 0 0 33 0 33 34 0 0 0 0 0 33 33 0 21 22 22;1 1 1 1 1 1 1 1 1 1 1 1 1 1 1 1 1 1 1 1 1;
;198 38 154 97 146 181 472 145 5548 246 1736 3 79 606 2924 335 798 1 4 79 9;0 0 0 0 0 0 0 0 0 0 0 0 0 0 0 0 0 0 0 0 0;33 34 33 34 34 34 33 0 33 0 33 0 21 33 0 0 33 0 21 22 22;1 1 1 1 1 1 1 1 1 1 1 1 1 1 1 1 1 1 1 1 1;
;11809 0 509 2608 10 20 156 60;0 0 0 0 0 0 0 0;33 0 0 33 33 34 33 0;1 1 1 1 1 1 1 1;
;80 306 184 3 1169 5 1133 11 213 655 249 677 267 1 4 815;0 0 0 0 0 0 0 0 0 0 0 0 0 0 1 2;0 0 33 0 33 34 0 0 0 33 0 0 33 0 1 2;1 1 1 1 1 1 1 1 1 1 1 1 1 1 1 1;
;49 10877 48 0 197081 0 7314 503 3787 0 85 0 81 115 81 852 1 10877 1 19 1 1337 5;0 0 0 0 0 0 0 0 0 0 0 0 0 0 0 0 0 0 0 0 0 1 2;33 34 34 0 0 0 0 0 33 0 0 0 33 34 0 0 0 33 0 33 0 1 2;1 1 1 1 1 1 1 1 1 1 1 1 1 1 1 1 1 1 1 1 1 1 1;
;102 38 151 97 630 181 0 3228 283 1 3427 1006 1 39 2744 55 51 483 15398 251 1311 1 3427 5;0 0 0 0 0 0 0 0 0 0 0 0 0 0 0 0 0 0 0 0 0 0 1 2;33 34 34 34 34 34 0 25 26 0 35 36 0 0 21 0 0 0 0 0 33 0 1 2;1 1 1 1 1 1 1 1 1 1 1 1 1 1 1 1 1 1 1 1 1 1 1 1;
;22 3 158 73 324 73 1113 18853 1 19 31 95 2 41 72 712;0 0 0 0 0 0 0 0 0 1 2 0 0 1 2 0;33 34 34 0 0 0 33 0 0 1 2 33 0 1 2 33;1 1 1 1 1 1 1 1 1 1 1 1 1 1 1 1;
;4173 436 586 80 31177 1 4 61;31 32 0 0 0 0 1 2;39 40 33 0 33 0 1 2;1 1 1 1 1 1 1 1;
;3187 11281 67 6444 11281 30 5391 56 11 20 12 453 1 4 9;0 0 0 0 0 0 0 0 0 0 0 0 0 1 2;33 34 0 21 22 0 33 0 33 34 33 34 0 1 2;1 1 1 1 1 1 1 1 1 1 1 1 1 1 1;
;101 57175 973 8564 3 156 1 2597 10 20 1 1033 1576 1 4378 1 3123 1 4942 1 2527 9561 5;0 0 0 0 0 0 0 0 0 0 0 0 0 0 0 0 0 0 0 0 1 2 2;21 22 22 22 0 33 0 21 33 34 0 33 33 0 33 0 33 0 33 0 1 2 2;1 1 1 1 1 1 1 1 1 1 1 1 1 1 1 1 1 1 1 1 1 1 1;
;15337 3961 3100 3 1756 2553 176 15337 5694 3626 1 609 1 4 61;0 37 38 0 0 0 0 0 0 0 0 0 0 1 2;33 45 46 0 33 34 0 21 22 33 0 33 0 1 2;1 1 1 1 1 1 1 1 1 1 1 1 1 1 1;
;2689 1156 16623 1 504 1 4 61;0 0 0 0 0 0 1 2;33 21 22 0 0 0 1 2;1 1 1 1 1 1 1 1;
;330 4085 1746 198 417 630 53 431 186 1103 28499 628 304 5676 168 1029 2 2 140 0 2 0 421 499 480 480;17 18 0 0 0 0 0 0 0 0 0 0 0 0 0 0 0 0 0 0 0 0 1 2 2 2;31 32 0 33 0 33 0 33 0 33 0 33 34 33 34 33 0 0 33 0 0 0 1 2 2 2;1 1 1 1 1 1 1 1 1 1 1 1 1 1 1 1 1 1 1 1 1 1 1 1 1 1;
;14 0 10617 60325 44 16 1 8519 281 1 4279 1 247 110 5;0 0 23 24 0 0 0 9 0 0 0 0 1 2 0;0 0 29 30 33 0 0 13 0 0 33 0 1 2 0;1 1 1 1 1 1 1 1 1 1 1 1 1 1 1;
;155218 320 451 0 91442 0 32340 0 44566;0 0 0 0 0 0 0 0 0;21 0 0 0 33 0 21 22 22;1 1 1 1 1 1 1 1 1;
;1480 113 1905 1362 98 3174 718 198 691 2655 103 2265 39 200 393 878 168 521 23 2476 25 1029 0 7551 55 1611 361 1 4 61;0 0 17 18 18 18 18 0 0 0 0 0 0 0 0 0 0 0 0 0 0 0 0 0 0 0 0 0 1 2;13 14 31 32 32 32 32 33 0 33 55 56 33 34 0 33 33 33 0 0 0 33 0 9 0 0 33 0 1 2;1 1 1 1 1 1 1 1 1 1 1 1 1 1 1 1 1 1 1 1 1 1 1 1 1 1 1 1 1 1;
;49 3806 2211 623 78 76 267 15 690 48 1 4 9;0 0 0 0 0 0 0 0 0 0 0 1 2;0 33 29 30 30 30 33 0 0 0 0 1 2;1 1 1 1 1 1 1 1 1 1 1 1 1;
;399 4038 5228 3312 119 28 18;17 18 18 18 18 18 18;13 0 0 33 33 33 34;1 1 1 1 1 1 1;
;895 113 4305 27 32829 75 81 9910 3803 2150 99 8 34 2172 7332 237 4305 32829 2967 3 147 0 2 0 4305 469;9 10 9 10 9 10 9 10 10 0 0 0 17 18 18 18 18 18 18 0 0 0 0 0 9 0;13 14 13 14 13 14 21 22 22 33 0 0 31 32 32 32 13 13 33 0 33 0 0 0 13 33;1 1 1 1 1 1 1 1 1 1 1 1 1 1 1 1 1 1 1 1 1 1 1 1 1 1;
;4041 0 27489 149 787 687 8123 3 671 2 149 54 115;5 6 6 0 0 0 0 0 0 0 1 2 2;9 10 10 33 34 33 33 0 33 0 1 2 2;1 1 1 1 1 1 1 1 1 1 1 1 1;
;963 11 1924 94 3 678 6603 24 17 6598 1924 94 3 678 59 1 789 43 1 4 47;0 0 0 0 0 0 0 0 0 0 0 0 0 0 0 0 1 2 0 1 2;33 0 0 33 0 33 33 0 0 0 0 33 0 33 0 0 1 2 0 1 2;1 1 1 1 1 1 1 1 1 1 1 1 1 1 1 1 1 1 1 1 1;
;2593 56 1132 3 3189 520 2205 4021 0 6043 42 997 17 1 6530 10425 0 2 0 6530 5;0 0 0 0 0 47 48 48 0 19 20 0 0 0 0 0 0 0 0 1 2;33 33 34 0 33 41 42 42 0 25 26 33 0 0 33 33 0 0 0 1 2;1 1 1 1 1 1 1 1 1 1 1 1 1 1 1 1 1 1 1 1 1;
;780 26909 6845 1 4 61;0 0 0 0 1 2;33 34 34 0 1 2;1 1 1 1 1 1;
;281 353 101 23 88 25 71 161 28 18;0 0 0 0 0 0 0 0 0 0;0 0 0 0 13 0 33 34 33 34;1 1 1 1 1 1 1 1 1 1;
;94 15981 1558 89 1077 21 8 8 11 1333 9 15 441 24 1 896 829 9064 43 1 4 47;23 24 0 0 0 0 0 0 0 0 0 0 0 0 0 23 24 24 0 0 1 2;29 30 33 0 33 0 0 0 0 33 33 0 33 0 0 29 30 30 0 0 1 2;1 1 1 1 1 1 1 1 1 1 1 1 1 1 1 1 1 1 1 1 1 1;
;4995 299 92 35726 4588 1 761 5;9 0 17 18 0 0 1 2;13 33 31 32 33 0 1 2;1 1 1 1 1 1 1 1;
;49 46427 8 79688 11 1680 59 48 14476 19194 30 2389 0 23 1917 15224 0 242 1004 12232 0 38 103 0 8077 30432 4225 1604 55923 16447 1346 0 488 1346 0 25884 25 7 724 40 0 4 271 0 4 1429 40 1 787 4672;0 0 0 0 0 0 0 0 0 0 0 0 0 0 0 0 0 27 28 0 0 0 0 0 0 0 0 0 0 0 0 0 0 0 0 0 0 0 0 0 0 1 2 0 5 6 0 0 0 0;0 33 0 33 0 33 0 0 33 37 0 0 0 0 33 33 0 33 34 33 0 33 34 0 33 33 34 0 33 33 0 0 0 0 0 33 0 0 33 33 0 1 2 0 33 34 33 0 0 33;1 1 1 1 1 1 1 1 1 1 1 1 1 1 1 1 1 1 1 1 1 1 1 1 1 1 1 1 1 1 1 1 1 1 1 1 1 1 1 1 1 1 1 1 1 1 1 1 1 1;
;203 2 0 1242 1164 0 2 0 605;0 0 0 0 0 0 0 0 1;0 0 0 33 34 0 0 0 1;1 1 1 1 1 1 1 1 1;
;35261 0 20686 320 451 0 10528 0 11622 0 271029 53 31 291 53 387 5 8 19 35 31 95;0 0 0 0 0 0 0 0 0 0 0 0 0 0 0 1 2 0 0 0 0 0;31 0 21 0 0 0 33 0 0 0 0 0 21 22 0 1 2 0 21 22 33 34;1 1 1 1 1 1 1 1 1 1 1 1 1 1 1 1 1 1 1 1 1 1;
;198 390 25022 129 52 7 117 2542 425 91 99 675 1 4 9;0 0 0 0 0 0 0 0 0 0 0 0 0 1 2;33 0 11 12 0 0 0 33 0 0 0 0 0 1 2;1 1 1 1 1 1 1 1 1 1 1 1 1 1 1;
;561 3018 161 150 120 1051 0 4734 5447 1051 1 4 61;37 38 0 0 0 0 0 0 0 0 0 1 2;33 34 34 34 33 34 0 33 33 33 0 1 2;1 1 1 1 1 1 1 1 1 1 1 1 1;
;9716 3658 4792 115789 6 1432 2858 2636 772 0 1432 2858 13288 178 0 9716 3658 4792 115789 37 14 92 1721 6847 3 9716 3658 4792 115789 225 155 16 11055 73 5112;0 11 12 12 0 17 18 18 18 0 0 0 0 0 0 0 11 12 12 0 0 9 0 0 0 0 11 12 12 0 0 0 0 0 0;37 15 16 16 0 31 32 32 32 0 0 0 33 0 0 37 15 16 16 33 0 13 33 33 0 37 15 16 16 33 34 0 33 34 34;1 1 1 1 1 1 1 1 1 1 1 1 1 1 1 1 1 1 1 1 1 1 1 1 1 1 1 1 1 1 1 1 1 1 1;
;284 2 85 8 2 52 8 2 57 8 228 8 129 214 283 29 549 45 4273 19151 13 29 549 905 121 239 8 239 3 673 6440 10 12 9332 643 3 1540 8 455 30 969 1141 265 3 39173 9590 1929 450 3 5588 10 1 361 1 4 554;0 0 0 0 0 0 0 0 0 0 0 0 0 0 0 0 0 0 0 0 0 0 0 0 0 0 0 0 0 0 0 0 0 0 0 0 0 0 0 0 0 0 0 0 0 0 0 0 0 0 0 0 0 0 0 0;0 0 0 0 0 0 0 0 0 0 0 0 0 0 0 0 33 34 33 33 33 34 0 0 0 0 0 0 0 0 0 0 21 22 22 22 22 0 0 0 33 0 0 0 33 33 34 0 0 33 0 0 33 0 21 22;1 1 1 1 1 1 1 1 1 1 1 1 1 1 1 1 1 1 1 1 1 1 1 1 1 1 1 1 1 1 1 1 1 1 1 1 1 1 1 1 1 1 1 1 1 1 1 1 1 1 1 1 1 1 1 1;
;49 2674 2259 46 20365 48 357 241 591 0 574 522 7411 1087 179 1 188 167;19 20 20 20 20 20 9 0 0 0 0 0 0 0 0 0 17 0;0 25 26 0 33 0 13 0 0 0 0 0 33 33 34 0 31 33;1 1 1 1 1 1 1 1 1 1 1 1 1 1 1 1 1 1;
;26126 854 3363 0 53794 2419 1759 0 44420 0 220 904 0 14 1776 0 6165 22 31967 0 1598 0 4540 2 10953 2 35 19 2 41 72;0 0 0 0 0 0 0 0 0 0 0 0 0 0 0 0 0 0 0 0 0 0 0 0 0 0 0 0 0 1 2;33 33 34 0 27 28 33 0 47 0 0 0 0 0 0 0 33 34 34 0 55 0 0 0 33 0 21 22 0 1 2;1 1 1 1 1 1 1 1 1 1 1 1 1 1 1 1 1 1 1 1 1 1 1 1 1 1 1 1 1 1 1;
;14439 46 4385 385 3 492 915 82 12 5680 860 16259 83 1 167 1 279 5;21 0 0 0 0 0 0 0 0 0 0 0 0 0 0 0 1 2;27 0 0 33 34 34 33 0 33 34 34 34 0 0 33 0 1 2;1 1 1 1 1 1 1 1 1 1 1 1 1 1 1 1 1 1;
;1648 2716 227 21 1928 1202 3 12605 80 793 1 4 9;0 0 0 0 0 0 0 0 0 0 0 1 2;33 34 0 0 0 0 0 33 0 33 0 1 2;1 1 1 1 1 1 1 1 1 1 1 1 1;
;271 4852 3186 602 5682 1151 639 0 2 0 918 0 474 0 759;0 0 0 0 0 0 0 0 0 0 0 0 0 0 0;0 9 21 22 33 34 33 0 0 0 33 0 33 0 1;1 1 1 1 1 1 1 1 1 1 1 1 1 1 1;
;14 331 628 523 16 39936 0 36 0 451 11015 2916 12 36190 0 36 0 10661 78;0 0 0 0 0 0 0 0 0 0 0 0 0 0 0 0 0 17 18;0 25 26 26 0 33 0 0 0 0 25 26 0 33 0 0 0 31 32;1 1 1 1 1 1 1 1 1 1 1 1 1 1 1 1 1 1 1;
;36210 34111;23 24;29 30;1 1;
;32020 10126 26046 711 2937 6930 105 2501 9544 838 170 40 1 146099 3949 8119 44 138 926 1 14 392 2093 16;0 0 0 0 0 0 0 0 23 0 0 0 0 0 0 0 0 0 0 0 0 0 0 0;33 33 33 34 33 34 33 33 29 21 22 33 0 0 33 33 33 33 33 0 0 21 22 0;1 1 1 1 1 1 1 1 1 1 1 1 1 1 1 1 1 1 1 1 1 1 1 1;
;6636 3 358 4654 3 185 1 185;0 0 29 30 0 1 0 1;33 0 37 38 0 1 0 1;1 1 1 1 1 1 1 1;
;1281 963 3154 30 34 219 2775 465 1 4 9;0 0 17 0 9 0 0 0 0 1 2;0 33 31 21 22 0 33 34 0 1 2;1 1 1 1 1 1 1 1 1 1 1;
;141 45 13914 6065 3 4712 1 4 61;0 0 0 0 0 0 0 1 2;33 0 21 22 0 33 0 1 2;1 1 1 1 1 1 1 1 1;
;22 30 4052 4683 8 381 93 2242 442 17 2 2475 229;0 0 0 0 0 0 0 0 0 0 0 0 0;33 34 33 33 0 33 0 33 33 34 0 33 33;1 1 1 1 1 1 1 1 1 1 1 1 1;
;836 264 201 1 23593 32 2776 619 2615 39 22149 224 2 546 2 35 19 2 41 72;0 0 0 0 0 0 0 0 0 0 0 0 0 0 0 0 0 0 1 2;33 34 33 0 21 22 22 22 22 0 33 0 0 33 0 21 22 0 1 2;1 1 1 1 1 1 1 1 1 1 1 1 1 1 1 1 1 1 1 1;
;13 29 6992 13 29 115 817 20 1 4 9;0 0 0 0 0 0 0 0 0 1 2;33 34 33 34 0 0 0 0 0 1 2;1 1 1 1 1 1 1 1 1 1 1;
;146 407 82 7833 83 344 690 1648 4476 0 317 5586 42 3132 0 82 0 4488 1986 0 83 1 1116 258 1833 1 4488 5;0 0 0 0 0 0 0 0 0 0 0 0 0 0 0 0 0 9 0 0 0 0 0 0 0 0 1 2;0 0 0 33 0 21 0 33 34 0 0 33 0 33 0 0 0 13 33 0 0 0 35 36 36 0 1 2;1 1 1 1 1 1 1 1 1 1 1 1 1 1 1 1 1 1 1 1 1 1 1 1 1 1 1 1;
;15000 6884 10 1322 2989 6 13316 240 10 4589 2989 1361 3061 3 10 91 1840 8 17 17 1 4 209 132;0 0 0 0 0 0 0 0 0 0 0 0 0 0 0 0 0 0 0 0 0 17 23 24;33 34 0 33 33 0 33 34 0 33 33 0 33 0 0 0 0 0 0 0 0 31 29 30;1 1 1 1 1 1 1 1 1 1 1 1 1 1 1 1 1 1 1 1 1 1 1 1;
;40468 0 16577 0 2222 1760 1 4 130 112;21 0 0 0 0 0 0 1 2 2;27 0 33 0 33 34 0 1 2 2;1 1 1 1 1 1 1 1 1 1;
;92 2993 1121 310 919 2 315 2 35 19 2 41 72;9 27 28 0 0 0 0 0 0 0 0 1 2;13 35 36 33 34 0 33 0 21 22 0 1 2;1 1 1 1 1 1 1 1 1 1 1 1 1;
;1089 314 652 11070 198 1103 113 1609 314 41111 3742 30735 1853 14719 3575 3247;0 0 0 0 0 0 0 0 0 0 0 0 0 0 0 0;33 33 0 33 33 33 33 34 33 33 33 33 34 0 33 33;1 1 1 1 1 1 1 1 1 1 1 1 1 1 1 1;
;8935 6519 76 748 1274 68 45 25604 3 921 1090 2142;23 24 24 0 0 0 0 0 0 0 0 0;29 30 30 33 34 0 0 33 0 33 33 33;1 1 1 1 1 1 1 1 1 1 1 1;
;5258 237 4754 11 20 416 1 4 9;0 0 0 0 0 0 0 1 2;33 21 22 33 34 33 0 1 2;1 1 1 1 1 1 1 1 1;
;2778 2529 45 80 7628 9700 17 17 1 2778 43 1 4 47;23 24 0 0 0 0 0 0 0 17 0 0 1 2;29 30 0 0 33 33 0 0 0 31 0 0 1 2;1 1 1 1 1 1 1 1 1 1 1 1 1 1;
;57 910 5728 1212 45 43783 3 470 549 3092 366 470 549 3 162 246 54 162 60 6010 3 470 549 10 6999 32 19137 470 549 3 91 2471 60 1 4 130 112;0 0 0 0 0 0 0 0 0 0 0 0 0 0 0 0 0 0 0 0 0 0 0 0 0 0 21 0 0 0 0 0 0 0 1 2 2;0 0 33 34 0 33 0 33 34 0 0 33 34 0 33 34 34 34 0 13 0 33 34 0 33 0 33 33 34 0 0 0 0 0 1 2 2;1 1 1 1 1 1 1 1 1 1 1 1 1 1 1 1 1 1 1 1 1 1 1 1 1 1 1 1 1 1 1 1 1 1 1 1 1;
;303 262 263 1229 86 26 262 10247 67 31697 4062 229 507 0 2 0 199654 17566 3 2816 0 2 0 188 204;0 5 6 6 6 0 0 0 0 5 0 0 0 0 0 0 0 0 0 0 0 0 0 5 6;33 9 10 10 10 0 9 10 0 9 33 33 33 0 0 0 0 33 0 33 0 0 0 33 34;1 1 1 1 1 1 1 1 1 1 1 1 1 1 1 1 1 1 1 1 1 1 1 1 1;
;49 779 586 3884 2866 416 48 1 1197 1735 1388 248 1005;0 0 0 0 0 0 0 0 0 0 0 0 0;0 33 34 34 33 33 0 0 33 33 35 0 0;1 1 1 1 1 1 1 1 1 1 1 1 1;
;218 3937 15382 7232 256765 381 241 15382 917 8 8092 647 19 59 2 458 2 35 19 2 41 72;17 18 18 18 18 18 0 0 0 0 0 0 0 0 0 0 0 0 0 0 1 2;13 31 29 33 0 33 0 29 0 0 21 33 33 0 0 33 0 21 22 0 1 2;1 1 1 1 1 1 1 1 1 1 1 1 1 1 1 1 1 1 1 1 1 1;
;2343 3445 3445 618 20209 604 15 254 17 0 2343 3445 3445 618 20209 604 282 2 1053 345 5 23 24618 7 73158 4667 7 2171 25;45 46 46 46 0 0 0 0 0 0 45 46 46 46 0 0 0 0 0 0 0 0 0 0 0 0 0 0 0;53 54 54 54 0 0 33 34 0 0 53 54 54 54 0 0 33 0 33 33 34 0 33 0 0 0 33 34 0;1 1 1 1 1 1 1 1 1 1 1 1 1 1 1 1 1 1 1 1 1 1 1 1 1 1 1 1 1;
;14 592 76 21394 15307 16 1 592 76 21394 15307 37 1 592 76 21394 15307 104 1 592 76 21394 15307 87 1 395 5 0;0 0 0 0 17 0 0 0 0 0 17 0 0 0 0 0 17 0 0 0 0 0 17 0 0 1 2 0;0 33 34 33 31 0 0 33 34 33 31 33 0 33 34 33 31 33 0 33 34 33 31 31 0 1 2 0;1 1 1 1 1 1 1 1 1 1 1 1 1 1 1 1 1 1 1 1 1 1 1 1 1 1 1 1;
;69948 25383 0 64481 0 2083 320 77719 53 11772 0 154784 53 202 53 387 5 8 19 35 31 95;0 0 0 33 34 34 34 34 0 33 0 33 0 0 0 1 2 0 0 0 0 0;21 21 0 55 56 56 56 56 0 55 0 21 0 33 0 1 2 0 21 22 33 34;1 1 1 1 1 1 1 1 1 1 1 1 1 1 1 1 1 1 1 1 1 1;
;222 13 29 13154 6280 149 909 2 134039 0 12656 2 3866 737 94 1690 1039 197;0 0 0 0 0 0 0 0 0 0 0 0 0 0 0 0 0 0;21 22 0 21 33 33 33 0 9 10 10 0 31 32 32 0 0 33;1 1 1 1 1 1 1 1 1 1 1 1 1 1 1 1 1 1;
;5541 3833 1043664 3928 88 360 5449 0 4296 35162 179 2 342 5 0;0 0 21 0 9 0 0 0 0 0 0 0 1 2 0;33 33 27 33 13 33 33 0 33 33 34 0 1 2 0;1 1 1 1 1 1 1 1 1 1 1 1 1 1 1;
;12 2046 11692 2631 4920 2414 81 7271;0 0 0 0 0 0 0 0;33 34 33 33 33 33 33 34;1 1 1 1 1 1 1 1;
;4603 21529 1630 347 1 961 110 5;7 8 0 0 0 1 2 2;11 12 33 33 0 1 2 2;1 1 1 1 1 1 1 1;
;3106 3 15739 294 2 2 1765 68 2 161 398 2 8676 192 5 0;0 0 0 0 0 0 0 0 0 0 0 0 1 2 2 0;33 0 33 33 0 0 33 34 0 33 33 0 1 2 2 0;1 1 1 1 1 1 1 1 1 1 1 1 1 1 1 1;
;14 105 38 774 288 183001 583 1676 28 18 137 116 71 1 123 1 147 16 2 0 631 5;0 0 0 17 18 18 18 18 18 18 0 0 0 0 0 0 0 0 0 0 1 2;0 33 34 13 0 27 33 34 33 34 21 33 34 0 33 0 33 0 0 0 1 2;1 1 1 1 1 1 1 1 1 1 1 1 1 1 1 1 1 1 1 1 1 1;
;26324 27 4071 456 159 28 18 2 277;17 18 18 18 18 18 18 0 0;13 14 33 13 14 33 34 0 0;1 1 1 1 1 1 1 1 1;
;49 854 7016 48 5987 468 39 479 2675 1193 0 7 7 7 1 367 361 1 745 361 1 14 217 350 16;27 28 28 28 0 0 0 0 0 0 0 0 0 0 0 0 0 0 0 0 0 0 0 0 0;35 36 36 36 33 34 33 34 33 0 0 0 0 0 0 33 33 0 33 33 0 0 33 34 0;1 1 1 1 1 1 1 1 1 1 1 1 1 1 1 1 1 1 1 1 1 1 1 1 1;
