214536502 214536500 214536506 214577561 
214662742 214662742 214825110 214757390 214757407 214551617 
214716935 214774687 214832672 
214836765 214706482 
214701242 214826623 
214826835 214826715 
214838855 214838855 
214576500 214576500 214576500 
214821275 214821275 214821371 214821371 214821371 214717089 214563337 214706462 214717436 214743335 214826837 214819762 
214717867 214717867 
214836761 214684513 214836761 
214577732 214587013 214577732 
214826897 214820441 
214684093 214684093 214684093 
214561790 214561790 214611457 214611457 
214577732 214577732 
214838503 214838503 214838503 214838503 214838503 214548744 
214718203 214718203 214718203 214718203 
214837485 214837485 214837485 214837487 214837487 214821315 214586711 214821305 214821307 214844357 214821341 214821309 214551617 214551617 214612920 214837487 
214613743 214613743 214539110 214539110 
214827028 214827017 214537796 214840762 214707930 214707930 214585652 214536197 214536195 214646169 
214579288 214714790 214676070 214601407 
214532036 214700432 
214836789 214836789 214710804 
214537967 214537967 
214718246 214826835 
214835257 214835265 
214834865 214571188 214571188 214571188 214820225 214820225 214820225 214820225 214820225 214820225 214820225 214820225 214706441 214706441 214706441 214706441 
214652878 214716737 214652878 
214684721 214680356 
214551594 214586970 
214826769 214537967 
214819745 214819745 
214691587 214587915 
214821277 214821277 214821277 214821277 214821277 
214716932 214716932 214716932 214716932 214716932 214716932 
214712235 214581489 214602605 
214820441 214826897 214826702 214684513 214838100 214544357 214551626 214691484 
214545935 214819438 214839907 214835917 214836210 
214698491 214523692 
214695307 214695305 214538317 214677448 
214819468 214716977 214716977 214716977 214716977 214716939 
214544355 214601212 214601212 214601212 
214716982 214716984 
214844248 214844248 
214515834 214515830 
214717318 214717318 
214832557 214559660 214559660 214819520 214586540 
214587797 214835775 214844109 
214714794 214601407 214826619 214746427 214821300 214717562 214826927 214748334 214826908 214800262 
214709645 214709645 214709645 214709645 214709645 
214532072 214532070 
214827022 214840419 
214716984 214832657 
214662975 214537779 214840762 
214821277 214821277 214821277 
214748300 214748293 
214826955 214826606 214687642 
214832559 214832559 214832559 214821017 214821017 214572234 214826715 214826715 
214509135 214536853 214509133 214509135 214509135 214509135 214717877 214826615 214716982 
214819472 214687685 
214821285 214821285 214826801 214826801 
214826705 214826705 
214668590 214826872 
214652220 214840483 214840483 214717286 214558807 214821300 214826908 214826908 214826908 214554637 214819430 214819430 214826837 214826837 214820392 214820392 214586694 214819376 214553844 214601229 214555500 214695127 214819760 214717850 214718385 214743369 214743369 
214648475 214648340 214648438 214648455 214712936 214712887 214696149 214717097 214534352 214534352 214717097 
214560099 214560099 214560099 214832750 214560099 
214685621 214684093 214546097 214685623 
214819685 214839907 214839905 214811752 
214717007 214717003 214716928 
214820842 214819490 
214555869 214537185 
214840599 214835735 
214838100 214706216 
214829737 214821315 
214748293 214748293 
214712272 214820450 
214821380 214821380 
214826799 214827005 214718390 214718396 214826627 
214841060 214841060 
214687768 214706445 
214811752 214811754 
214594678 214594680 214594680 
214821369 214821369 214697771 214697512 214697413 214697409 214652409 214537127 214537127 214820237 214820237 214709645 214699213 214820237 214820237 214820237 214709645 214537127 
214554358 214716950 
214821275 214829741 
214829741 214820842 214821279 214703790 
214716954 214838366 
214821022 214820814 
214684721 214821369 214826833 214819472 
214821315 214821305 
214826702 214821275 
214717847 214819719 214748336 
214536440 214536437 
214512416 214512416 
214839313 214839313 214839313 
214826705 214826705 
214510044 214510044 214510044 214582387 214537535 214584812 214537535 214584810 
214600989 214704180 
214705693 214696824 214705682 214696817 214705691 214705693 214711710 214705691 214705691 214687539 214705687 214744796 214681648 214717307 214577750 214650382 214744796 214696817 214705682 214711710 
